{"producer":{"name":"Blender","version":"2.79 (sub 0)","exporter_version":"5.6.4","file":"fox.babylon"},
"autoClear":true,"clearColor":[0.0509,0.0509,0.0509],"ambientColor":[0,0,0],"gravity":[0,-9.81,0],
"materials":[{"name":"fox.red","id":"fox.red","ambient":[0.8,0.1653,0.0078],"diffuse":[0.64,0.1323,0.0063],"specular":[0.2,0.2,0.2],"emissive":[0,0,0],"specularPower":50,"alpha":1,"backFaceCulling":true,"checkReadyOnlyOnce":false,"maxSimultaneousLights":4},
{"name":"fox.white","id":"fox.white","ambient":[0.8,0.8,0.8],"diffuse":[0.64,0.64,0.64],"specular":[0.5,0.5,0.5],"emissive":[0,0,0],"specularPower":50,"alpha":1,"backFaceCulling":true,"checkReadyOnlyOnce":false,"maxSimultaneousLights":4},
{"name":"fox.black","id":"fox.black","ambient":[0.0036,0.0036,0.0036],"diffuse":[0.0029,0.0029,0.0029],"specular":[0.5,0.5,0.5],"emissive":[0,0,0],"specularPower":50,"alpha":1,"backFaceCulling":true,"checkReadyOnlyOnce":false,"maxSimultaneousLights":4}],
"multiMaterials":[{"name":"fox.Multimaterial#0","id":"fox.Multimaterial#0","materials":["fox.red","fox.white","fox.black"]}],
"skeletons":[{"name":"Armature","id":0,"dimensionsAtRest":[0.1218,0.4365,1.44],"bones":[
{"name":"leg.rear.foot.r","index":0,"matrix":[-1,0,0,0,0,-0.0487,-0.9988,0,0,0.9989,-0.0487,0,-0.0396,0.0194,0.0441,1],"rest":[-1,0,0,0,0,-0.0487,-0.9988,0,0,0.9989,-0.0487,0,-0.06,0.0194,0.2248,1],"parentBoneIndex":-1,"length":0.0524
,"animation":{"dataType":3,"framePerSecond":24,"keys":[
{"frame":0,"values":[-1,0,0,0,0,-0.0487,-0.9988,0,0,0.9989,-0.0487,0,-0.0396,0.0194,0.0441,1]},
{"frame":1,"values":[-1,0,0,0,0,-0.0487,-0.9988,0,0,0.9989,-0.0487,0,-0.0396,0.0194,0.0441,1]},
{"frame":10,"values":[-1,0,0,0,0,-0.0487,-0.9988,0,0,0.9989,-0.0487,0,-0.06,0.0194,0.2248,1]},
{"frame":42,"values":[-1,0,0,0,0,-0.0487,-0.9988,0,0,0.9989,-0.0487,0,-0.06,0.0194,0.2248,1]},
{"frame":50,"values":[-1,0,0,0,0,-0.0487,-0.9988,0,0,0.9989,-0.0487,0,-0.06,0.0194,0.2248,1]},
{"frame":51,"values":[-1,0,0,0,0,-0.0487,-0.9988,0,0,0.9989,-0.0487,0,-0.06,0.0194,0.2248,1]},
{"frame":60,"values":[-1,0,0,0,0,-0.0487,-0.9988,0,0,0.9989,-0.0487,0,-0.0396,0.0194,0.0441,1]},
{"frame":61,"values":[-1,0,0,0,0,-0.0487,-0.9988,0,0,0.9989,-0.0487,0,-0.0395,0.0191,0.0476,1]},
{"frame":62,"values":[-1,0,0,0,0,-0.0487,-0.9988,0,0,0.9989,-0.0487,0,-0.0393,0.0183,0.0589,1]},
{"frame":63,"values":[-1,0,0,0,0,-0.0487,-0.9988,0,0,0.9989,-0.0487,0,-0.0391,0.0175,0.0765,1]},
{"frame":64,"values":[-1,0,0,0,0,-0.0487,-0.9988,0,0,0.9989,-0.0487,0,-0.0389,0.017,0.0957,1]},
{"frame":65,"values":[-1,0,0,0,0,-0.0487,-0.9988,0,0,0.9989,-0.0487,0,-0.0387,0.017,0.1168,1]},
{"frame":66,"values":[-1,0,0,0,0,-0.0487,-0.9988,0,0,0.9989,-0.0487,0,-0.0384,0.0173,0.1423,1]},
{"frame":67,"values":[-1,0,0,0,0,-0.0487,-0.9988,0,0,0.9989,-0.0487,0,-0.0382,0.0176,0.1693,1]},
{"frame":68,"values":[-1,0,0,0,0,-0.0487,-0.9988,0,0,0.9989,-0.0487,0,-0.0382,0.0178,0.1938,1]},
{"frame":69,"values":[-1,0,0,0,0,-0.0487,-0.9988,0,0,0.9989,-0.0487,0,-0.0385,0.0175,0.2161,1]},
{"frame":70,"values":[-1,0,0,0,0,-0.0487,-0.9988,0,0,0.9989,-0.0487,0,-0.0392,0.0168,0.2372,1]},
{"frame":71,"values":[-1,0,0,0,0,-0.0487,-0.9988,0,0,0.9989,-0.0487,0,-0.04,0.0165,0.2577,1]},
{"frame":72,"values":[-1,0,0,0,0,-0.0487,-0.9988,0,0,0.9989,-0.0487,0,-0.0403,0.0171,0.2783,1]},
{"frame":73,"values":[-1,0,0,0,0,-0.0788,-0.9969,0,0,0.9969,-0.0788,0,-0.0399,0.0193,0.2997,1]},
{"frame":74,"values":[-1,0,0,0,0,-0.1663,-0.9861,0,0,0.9861,-0.1663,0,-0.0389,0.0239,0.3217,1]},
{"frame":75,"values":[-1,0,0,0,0,-0.2772,-0.9608,0,0,0.9609,-0.2772,0,-0.0379,0.0293,0.3422,1]},
{"frame":76,"values":[-1,0,0,0,0,-0.3665,-0.9304,0,0,0.9305,-0.3665,0,-0.0375,0.0337,0.36,1]},
{"frame":77,"values":[-1,0,0,0,0,-0.4152,-0.9097,0,0,0.9098,-0.4152,0,-0.0389,0.0372,0.3776,1]},
{"frame":78,"values":[-1,0,0,0,0,-0.4406,-0.8977,0,0,0.8977,-0.4406,0,-0.0428,0.0405,0.395,1]},
{"frame":79,"values":[-1,0,0,0,0,-0.4974,-0.8675,0,0,0.8676,-0.4974,0,-0.0475,0.0433,0.4068,1]},
{"frame":80,"values":[-1,0,0,0,0,-0.617,-0.787,0,0,0.787,-0.617,0,-0.0509,0.0458,0.4105,1]},
{"frame":81,"values":[-1,0,0,0,0,-0.9991,-0.0433,0,0,0.0433,-0.9991,0,-0.0523,0.048,0.4096,1]},
{"frame":82,"values":[-1,0,0,0,0,-0.7535,0.6574,0,0,-0.6575,-0.7535,0,-0.0537,0.0499,0.404,1]},
{"frame":83,"values":[-1,0,0,0,0,-0.9899,0.142,0,0,-0.142,-0.9899,0,-0.0575,0.051,0.3886,1]},
{"frame":84,"values":[-1,0,0,0,0,-0.8488,-0.5288,0,0,0.5288,-0.8488,0,-0.06,0.0515,0.3621,1]},
{"frame":85,"values":[-1,0,0,0,0,-0.7444,-0.6677,0,0,0.6678,-0.7444,0,-0.06,0.0524,0.3331,1]},
{"frame":86,"values":[-1,0,0,0,0,-0.6922,-0.7217,0,0,0.7218,-0.6922,0,-0.06,0.0535,0.3003,1]},
{"frame":87,"values":[-1,0,0,0,0,-0.6675,-0.7446,0,0,0.7446,-0.6675,0,-0.06,0.0539,0.2647,1]},
{"frame":88,"values":[-1,0,0,0,0,-0.6142,-0.7892,0,0,0.7892,-0.6142,0,-0.06,0.0529,0.2288,1]},
{"frame":89,"values":[-1,0,0,0,0,-0.5211,-0.8535,0,0,0.8536,-0.521,0,-0.059,0.0499,0.19,1]},
{"frame":90,"values":[-1,0,0,0,0,-0.4058,-0.914,0,0,0.914,-0.4058,0,-0.0562,0.0444,0.1473,1]},
{"frame":91,"values":[-1,0,0,0,0,-0.2902,-0.957,0,0,0.957,-0.2902,0,-0.0525,0.038,0.1083,1]},
{"frame":92,"values":[-1,0,0,0,0,-0.1964,-0.9805,0,0,0.9806,-0.1964,0,-0.0494,0.0327,0.0787,1]},
{"frame":93,"values":[-1,0,0,0,0,-0.119,-0.9929,0,0,0.9929,-0.119,0,-0.0464,0.0275,0.0576,1]},
{"frame":94,"values":[-1,0,0,0,0,-0.0647,-0.9979,0,0,0.9979,-0.0647,0,-0.0435,0.0226,0.0465,1]},
{"frame":95,"values":[-1,0,0,0,0,-0.0487,-0.9988,0,0,0.9989,-0.0487,0,-0.0424,0.0208,0.0441,1]}],"loopBehavior":1,"name":"anim","property":"_matrix"}},
{"name":"spine.tail.pointer","index":1,"matrix":[1,0,0,0,0,0,1,0,0,1,0,0,0,0.1502,0.5811,1],"rest":[1,0,0,0,0,0,1,0,0,1,0,0,0,0.0933,0.5146,1],"parentBoneIndex":-1,"length":0.1
,"animation":{"dataType":3,"framePerSecond":24,"keys":[
{"frame":0,"values":[1,0,0,0,0,0,1,0,0,1,0,0,0,0.1502,0.5811,1]},
{"frame":1,"values":[1,0,0,0,0,0,1,0,0,1,0,0,0,0.1502,0.5811,1]},
{"frame":10,"values":[1,0,0,0,0,0,1,0,0,1,0,0,0,0.0933,0.5146,1]},
{"frame":11,"values":[1,0,0,0,0,0,1,0,0,1,0,0,0,0.0934,0.5146,1]},
{"frame":12,"values":[1,0,0,0,0,0,1,0,0,1,0,0,0,0.0937,0.5149,1]},
{"frame":13,"values":[1,0,0,0,0,0,1,0,0,1,0,0,0,0.0943,0.5153,1]},
{"frame":14,"values":[1,0,0,0,0,0,1,0,0,1,0,0,0,0.0951,0.5158,1]},
{"frame":15,"values":[1,0,0,0,0,0,1,0,0,1,0,0,0,0.0961,0.5166,1]},
{"frame":16,"values":[1,0,0,0,0,0,1,0,0,1,0,0,0,0.0974,0.5175,1]},
{"frame":17,"values":[1,0,0,0,0,0,1,0,0,1,0,0,0,0.0988,0.5185,1]},
{"frame":18,"values":[1,0,0,0,0,0,1,0,0,1,0,0,0,0.1005,0.5197,1]},
{"frame":19,"values":[1,0,0,0,0,0,1,0,0,1,0,0,0,0.1024,0.521,1]},
{"frame":20,"values":[1,0,0,0,0,0,1,0,0,1,0,0,0,0.1045,0.5225,1]},
{"frame":21,"values":[1,0,0,0,0,0,1,0,0,1,0,0,0,0.1067,0.524,1]},
{"frame":22,"values":[1,0,0,0,0,0,1,0,0,1,0,0,0,0.1091,0.5257,1]},
{"frame":23,"values":[1,0,0,0,0,0,1,0,0,1,0,0,0,0.1116,0.5275,1]},
{"frame":24,"values":[1,0,0,0,0,0,1,0,0,1,0,0,0,0.1142,0.5293,1]},
{"frame":25,"values":[1,0,0,0,0,0,1,0,0,1,0,0,0,0.1168,0.5312,1]},
{"frame":26,"values":[1,0,0,0,0,0,1,0,0,1,0,0,0,0.1195,0.533,1]},
{"frame":27,"values":[1,0,0,0,0,0,1,0,0,1,0,0,0,0.1222,0.5349,1]},
{"frame":28,"values":[1,0,0,0,0,0,1,0,0,1,0,0,0,0.1248,0.5368,1]},
{"frame":29,"values":[1,0,0,0,0,0,1,0,0,1,0,0,0,0.1274,0.5386,1]},
{"frame":30,"values":[1,0,0,0,0,0,1,0,0,1,0,0,0,0.1299,0.5404,1]},
{"frame":31,"values":[1,0,0,0,0,0,1,0,0,1,0,0,0,0.1323,0.5421,1]},
{"frame":32,"values":[1,0,0,0,0,0,1,0,0,1,0,0,0,0.1345,0.5436,1]},
{"frame":33,"values":[1,0,0,0,0,0,1,0,0,1,0,0,0,0.1366,0.5451,1]},
{"frame":34,"values":[1,0,0,0,0,0,1,0,0,1,0,0,0,0.1385,0.5464,1]},
{"frame":35,"values":[1,0,0,0,0,0,1,0,0,1,0,0,0,0.1402,0.5476,1]},
{"frame":36,"values":[1,0,0,0,0,0,1,0,0,1,0,0,0,0.1416,0.5486,1]},
{"frame":37,"values":[1,0,0,0,0,0,1,0,0,1,0,0,0,0.1429,0.5495,1]},
{"frame":38,"values":[1,0,0,0,0,0,1,0,0,1,0,0,0,0.1439,0.5502,1]},
{"frame":39,"values":[1,0,0,0,0,0,1,0,0,1,0,0,0,0.1447,0.5508,1]},
{"frame":40,"values":[1,0,0,0,0,0,1,0,0,1,0,0,0,0.1453,0.5512,1]},
{"frame":41,"values":[1,0,0,0,0,0,1,0,0,1,0,0,0,0.1456,0.5514,1]},
{"frame":42,"values":[1,0,0,0,0,0,1,0,0,1,0,0,0,0.1457,0.5515,1]},
{"frame":50,"values":[1,0,0,0,0,0,1,0,0,1,0,0,0,0.0933,0.5146,1]},
{"frame":51,"values":[1,0,0,0,0,0,1,0,0,1,0,0,0,0.0933,0.5146,1]},
{"frame":60,"values":[1,0,0,0,0,0,1,0,0,1,0,0,0,0.1502,0.5811,1]},
{"frame":61,"values":[1,0,0,0,0,0,1,0,0,1,0,0,0,0.1482,0.5847,1]},
{"frame":62,"values":[1,0,0,0,0,0,1,0,0,1,0,0,0,0.1423,0.594,1]},
{"frame":63,"values":[1,0,0,0,0,0,1,0,0,1,0,0,0,0.1352,0.6033,1]},
{"frame":64,"values":[1,0,0,0,0,0,1,0,0,1,0,0,0,0.13,0.6069,1]},
{"frame":65,"values":[1,0,0,0,0,0,1,0,0,1,0,0,0,0.126,0.6051,1]},
{"frame":66,"values":[1,0,0,0,0,0,1,0,0,1,0,0,0,0.1225,0.6003,1]},
{"frame":67,"values":[1,0,0,0,0,0,1,0,0,1,0,0,0,0.1202,0.5946,1]},
{"frame":68,"values":[1,0,0,0,0,0,1,0,0,1,0,0,0,0.1195,0.591,1]},
{"frame":69,"values":[1,0,0,0,0,0,1,0,0,1,0,0,0,0.1196,0.589,1]},
{"frame":70,"values":[1,0,0,0,0,0,1,0,0,1,0,0,0,0.1203,0.5879,1]},
{"frame":71,"values":[1,0,0,0,0,0,1,0,0,1,0,0,0,0.1225,0.5875,1]},
{"frame":72,"values":[1,0,0,0,0,0,1,0,0,1,0,0,0,0.1262,0.5874,1]},
{"frame":73,"values":[1,0,0,0,0,0,1,0,0,1,0,0,0,0.1331,0.588,1]},
{"frame":74,"values":[1,0,0,0,0,0,1,0,0,1,0,0,0,0.1435,0.5901,1]},
{"frame":75,"values":[1,0,0,0,0,0,1,0,0,1,0,0,0,0.1525,0.5934,1]},
{"frame":76,"values":[1,0,0,0,0,0,1,0,0,1,0,0,0,0.1557,0.5972,1]},
{"frame":77,"values":[1,0,0,0,0,0,1,0,0,1,0,0,0,0.1557,0.6026,1]},
{"frame":78,"values":[1,0,0,0,0,0,1,0,0,1,0,0,0,0.1554,0.6099,1]},
{"frame":79,"values":[1,0,0,0,0,0,1,0,0,1,0,0,0,0.1545,0.6159,1]},
{"frame":80,"values":[1,0,0,0,0,0,1,0,0,1,0,0,0,0.153,0.6181,1]},
{"frame":81,"values":[1,0,0,0,0,0,1,0,0,1,0,0,0,0.1491,0.6158,1]},
{"frame":82,"values":[1,0,0,0,0,0,1,0,0,1,0,0,0,0.1421,0.6091,1]},
{"frame":83,"values":[1,0,0,0,0,0,1,0,0,1,0,0,0,0.1357,0.6002,1]},
{"frame":84,"values":[1,0,0,0,0,0,1,0,0,1,0,0,0,0.1333,0.5925,1]},
{"frame":85,"values":[1,0,0,0,0,0,1,0,0,1,0,0,0,0.1333,0.5847,1]},
{"frame":86,"values":[1,0,0,0,0,0,1,0,0,1,0,0,0,0.1333,0.5756,1]},
{"frame":87,"values":[1,0,0,0,0,0,1,0,0,1,0,0,0,0.1333,0.5686,1]},
{"frame":88,"values":[1,0,0,0,0,0,1,0,0,1,0,0,0,0.1333,0.5663,1]},
{"frame":89,"values":[1,0,0,0,0,0,1,0,0,1,0,0,0,0.1346,0.5666,1]},
{"frame":90,"values":[1,0,0,0,0,0,1,0,0,1,0,0,0,0.1384,0.5676,1]},
{"frame":91,"values":[1,0,0,0,0,0,1,0,0,1,0,0,0,0.1437,0.5692,1]},
{"frame":92,"values":[1,0,0,0,0,0,1,0,0,1,0,0,0,0.1487,0.5708,1]},
{"frame":93,"values":[1,0,0,0,0,0,1,0,0,1,0,0,0,0.1547,0.5732,1]},
{"frame":94,"values":[1,0,0,0,0,0,1,0,0,1,0,0,0,0.1614,0.5761,1]},
{"frame":95,"values":[1,0,0,0,0,0,1,0,0,1,0,0,0,0.164,0.5772,1]}],"loopBehavior":1,"name":"anim","property":"_matrix"}},
{"name":"spine.lower","index":2,"matrix":[1,0,0,0,0,0.0995,-0.995,0,0,-0.995,-0.0995,0,0,0.4012,0.2544,1],"rest":[1,0,0,0,0,0.0995,-0.995,0,0,-0.995,-0.0995,0,0,0.4233,0.2246,1],"parentBoneIndex":-1,"length":0.201
,"animation":{"dataType":3,"framePerSecond":24,"keys":[
{"frame":0,"values":[1,0,0,0,0,0.0995,-0.995,0,0,-0.995,-0.0995,0,0,0.4012,0.2544,1]},
{"frame":1,"values":[1,0,0,0,0,0.0995,-0.995,0,0,-0.995,-0.0995,0,0,0.4012,0.2544,1]},
{"frame":10,"values":[1,0,0,0,0,0.0995,-0.995,0,0,-0.995,-0.0995,0,0,0.4233,0.2246,1]},
{"frame":11,"values":[1,0,0,0,0,0.0995,-0.995,0,0,-0.995,-0.0995,0,0,0.4231,0.2248,1]},
{"frame":12,"values":[1,0,0,0,0,0.0995,-0.995,0,0,-0.995,-0.0995,0,-0.0001,0.4225,0.2255,1]},
{"frame":13,"values":[1,0,0,0,0,0.0995,-0.995,0,0,-0.995,-0.0995,0,-0.0002,0.4214,0.2268,1]},
{"frame":14,"values":[1,0,0,0,0,0.0995,-0.995,0,0,-0.995,-0.0995,0,-0.0003,0.42,0.2285,1]},
{"frame":15,"values":[1,0,0,0,0,0.0995,-0.995,0,0,-0.995,-0.0995,0,-0.0005,0.4182,0.2308,1]},
{"frame":16,"values":[1,0,0,0,0,0.0995,-0.995,0,0,-0.995,-0.0995,0,-0.0007,0.4159,0.2335,1]},
{"frame":17,"values":[1,0,0,0,0,0.0995,-0.995,0,0,-0.995,-0.0995,0,-0.001,0.4133,0.2367,1]},
{"frame":18,"values":[1,0,0,0,0,0.0995,-0.995,0,0,-0.995,-0.0995,0,-0.0013,0.4103,0.2404,1]},
{"frame":19,"values":[1,0,0,0,0,0.0995,-0.995,0,0,-0.995,-0.0995,0,-0.0016,0.4069,0.2444,1]},
{"frame":20,"values":[1,0,0,0,0,0.0995,-0.995,0,0,-0.995,-0.0995,0,-0.002,0.4032,0.2489,1]},
{"frame":21,"values":[1,0,0,0,0,0.0995,-0.995,0,0,-0.995,-0.0995,0,-0.0024,0.3992,0.2538,1]},
{"frame":22,"values":[1,0,0,0,0,0.0995,-0.995,0,0,-0.995,-0.0995,0,-0.0028,0.3949,0.259,1]},
{"frame":23,"values":[1,0,0,0,0,0.0995,-0.995,0,0,-0.995,-0.0995,0,-0.0033,0.3904,0.2644,1]},
{"frame":24,"values":[1,0,0,0,0,0.0995,-0.995,0,0,-0.995,-0.0995,0,-0.0038,0.3858,0.27,1]},
{"frame":25,"values":[1,0,0,0,0,0.0995,-0.995,0,0,-0.995,-0.0995,0,-0.0042,0.381,0.2758,1]},
{"frame":26,"values":[1,0,0,0,0,0.0995,-0.995,0,0,-0.995,-0.0995,0,-0.0047,0.3762,0.2817,1]},
{"frame":27,"values":[1,0,0,0,0,0.0995,-0.995,0,0,-0.995,-0.0995,0,-0.0052,0.3714,0.2875,1]},
{"frame":28,"values":[1,0,0,0,0,0.0995,-0.995,0,0,-0.995,-0.0995,0,-0.0057,0.3666,0.2933,1]},
{"frame":29,"values":[1,0,0,0,0,0.0995,-0.995,0,0,-0.995,-0.0995,0,-0.0061,0.362,0.2989,1]},
{"frame":30,"values":[1,0,0,0,0,0.0995,-0.995,0,0,-0.995,-0.0995,0,-0.0066,0.3575,0.3043,1]},
{"frame":31,"values":[1,0,0,0,0,0.0995,-0.995,0,0,-0.995,-0.0995,0,-0.007,0.3533,0.3095,1]},
{"frame":32,"values":[1,0,0,0,0,0.0995,-0.995,0,0,-0.995,-0.0995,0,-0.0074,0.3493,0.3144,1]},
{"frame":33,"values":[1,0,0,0,0,0.0995,-0.995,0,0,-0.995,-0.0995,0,-0.0078,0.3456,0.3189,1]},
{"frame":34,"values":[1,0,0,0,0,0.0995,-0.995,0,0,-0.995,-0.0995,0,-0.0081,0.3422,0.323,1]},
{"frame":35,"values":[1,0,0,0,0,0.0995,-0.995,0,0,-0.995,-0.0995,0,-0.0084,0.3392,0.3266,1]},
{"frame":36,"values":[1,0,0,0,0,0.0995,-0.995,0,0,-0.995,-0.0995,0,-0.0087,0.3365,0.3298,1]},
{"frame":37,"values":[1,0,0,0,0,0.0995,-0.995,0,0,-0.995,-0.0995,0,-0.0089,0.3343,0.3326,1]},
{"frame":38,"values":[1,0,0,0,0,0.0995,-0.995,0,0,-0.995,-0.0995,0,-0.0091,0.3324,0.3348,1]},
{"frame":39,"values":[1,0,0,0,0,0.0995,-0.995,0,0,-0.995,-0.0995,0,-0.0093,0.331,0.3365,1]},
{"frame":40,"values":[1,0,0,0,0,0.0995,-0.995,0,0,-0.995,-0.0995,0,-0.0094,0.33,0.3378,1]},
{"frame":41,"values":[1,0,0,0,0,0.0995,-0.995,0,0,-0.995,-0.0995,0,-0.0094,0.3294,0.3385,1]},
{"frame":42,"values":[1,0,0,0,0,0.0995,-0.995,0,0,-0.995,-0.0995,0,-0.0094,0.3292,0.3388,1]},
{"frame":50,"values":[1,0,0,0,0,0.0995,-0.995,0,0,-0.995,-0.0995,0,0,0.4233,0.2246,1]},
{"frame":51,"values":[1,0,0,0,0,0.0995,-0.995,0,0,-0.995,-0.0995,0,0,0.4233,0.2246,1]},
{"frame":60,"values":[1,0,0,0,0,0.0995,-0.995,0,0,-0.995,-0.0995,0,0,0.4012,0.2544,1]},
{"frame":61,"values":[1,0,0,0,0,0.0995,-0.995,0,0,-0.995,-0.0995,0,0,0.4001,0.2544,1]},
{"frame":62,"values":[1,0,0,0,0,0.0995,-0.995,0,0,-0.995,-0.0995,0,0,0.3971,0.2544,1]},
{"frame":63,"values":[1,0,0,0,0,0.0995,-0.995,0,0,-0.995,-0.0995,0,0,0.3942,0.2544,1]},
{"frame":64,"values":[1,0,0,0,0,0.0995,-0.995,0,0,-0.995,-0.0995,0,0,0.393,0.2544,1]},
{"frame":65,"values":[1,0,0,0,0,0.0995,-0.995,0,0,-0.995,-0.0995,0,0,0.3932,0.2544,1]},
{"frame":66,"values":[1,0,0,0,0,0.0995,-0.995,0,0,-0.995,-0.0995,0,0,0.3936,0.2544,1]},
{"frame":67,"values":[1,0,0,0,0,0.0995,-0.995,0,0,-0.995,-0.0995,0,0,0.3945,0.2544,1]},
{"frame":68,"values":[1,0,0,0,0,0.0995,-0.995,0,0,-0.995,-0.0995,0,0,0.3958,0.2544,1]},
{"frame":69,"values":[1,0,0,0,0,0.0995,-0.995,0,0,-0.995,-0.0995,0,0,0.3975,0.2544,1]},
{"frame":70,"values":[1,0,0,0,0,0.0995,-0.995,0,0,-0.995,-0.0995,0,0,0.3999,0.2544,1]},
{"frame":71,"values":[1,0,0,0,0,0.0995,-0.995,0,0,-0.995,-0.0995,0,0,0.4022,0.2544,1]},
{"frame":72,"values":[1,0,0,0,0,0.0995,-0.995,0,0,-0.995,-0.0995,0,0,0.404,0.2544,1]},
{"frame":73,"values":[1,0,0,0,0,0.0995,-0.995,0,0,-0.995,-0.0995,0,0,0.4052,0.2544,1]},
{"frame":74,"values":[1,0,0,0,0,0.0995,-0.995,0,0,-0.995,-0.0995,0,0,0.4061,0.2544,1]},
{"frame":75,"values":[1,0,0,0,0,0.0995,-0.995,0,0,-0.995,-0.0995,0,0,0.4066,0.2544,1]},
{"frame":76,"values":[1,0,0,0,0,0.0995,-0.995,0,0,-0.995,-0.0995,0,0,0.4067,0.2544,1]},
{"frame":77,"values":[1,0,0,0,0,0.0995,-0.995,0,0,-0.995,-0.0995,0,0,0.4055,0.2544,1]},
{"frame":78,"values":[1,0,0,0,0,0.0995,-0.995,0,0,-0.995,-0.0995,0,0,0.4024,0.2544,1]},
{"frame":79,"values":[1,0,0,0,0,0.0995,-0.995,0,0,-0.995,-0.0995,0,0,0.399,0.2544,1]},
{"frame":80,"values":[1,0,0,0,0,0.0995,-0.995,0,0,-0.995,-0.0995,0,0,0.3971,0.2544,1]},
{"frame":81,"values":[1,0,0,0,0,0.0995,-0.995,0,0,-0.995,-0.0995,0,0,0.3964,0.2544,1]},
{"frame":82,"values":[1,0,0,0,0,0.0995,-0.995,0,0,-0.995,-0.0995,0,0,0.3959,0.2544,1]},
{"frame":83,"values":[1,0,0,0,0,0.0995,-0.995,0,0,-0.995,-0.0995,0,0,0.3958,0.2544,1]},
{"frame":85,"values":[1,0,0,0,0,0.0995,-0.995,0,0,-0.995,-0.0995,0,0,0.3963,0.2544,1]},
{"frame":86,"values":[1,0,0,0,0,0.0995,-0.995,0,0,-0.995,-0.0995,0,0,0.3979,0.2544,1]},
{"frame":87,"values":[1,0,0,0,0,0.0995,-0.995,0,0,-0.995,-0.0995,0,0,0.3998,0.2544,1]},
{"frame":88,"values":[1,0,0,0,0,0.0995,-0.995,0,0,-0.995,-0.0995,0,0,0.4012,0.2544,1]},
{"frame":89,"values":[1,0,0,0,0,0.0995,-0.995,0,0,-0.995,-0.0995,0,0,0.4023,0.2544,1]},
{"frame":90,"values":[1,0,0,0,0,0.0995,-0.995,0,0,-0.995,-0.0995,0,0,0.4032,0.2544,1]},
{"frame":91,"values":[1,0,0,0,0,0.0995,-0.995,0,0,-0.995,-0.0995,0,0,0.4038,0.2544,1]},
{"frame":92,"values":[1,0,0,0,0,0.0995,-0.995,0,0,-0.995,-0.0995,0,0,0.404,0.2544,1]},
{"frame":93,"values":[1,0,0,0,0,0.0995,-0.995,0,0,-0.995,-0.0995,0,0,0.4026,0.2544,1]},
{"frame":94,"values":[1,0,0,0,0,0.0995,-0.995,0,0,-0.995,-0.0995,0,0,0.3998,0.2544,1]},
{"frame":95,"values":[1,0,0,0,0,0.0995,-0.995,0,0,-0.995,-0.0995,0,0,0.3985,0.2544,1]}],"loopBehavior":1,"name":"anim","property":"_matrix"}},
{"name":"spine.point","index":3,"matrix":[1,0,0,0,0,0.995,0.0995,0,0,-0.0995,0.995,0,0,0.7671,0.1055,1],"rest":[1,0,0,0,0,0.995,0.0995,0,0,-0.0995,0.9951,0,0,0.8488,0.0547,1],"parentBoneIndex":2,"length":0.2
,"animation":{"dataType":3,"framePerSecond":24,"keys":[
{"frame":0,"values":[1,0,0,0,0,0.995,0.0995,0,0,-0.0995,0.995,0,0,0.7671,0.1055,1]},
{"frame":1,"values":[1,0,0,0,0,0.995,0.0995,0,0,-0.0995,0.995,0,0,0.7671,0.1055,1]},
{"frame":10,"values":[1,0,0,0,0,0.995,0.0995,0,0,-0.0995,0.995,0,0,0.8488,0.0547,1]},
{"frame":42,"values":[1,0,0,0,0,0.995,0.0995,0,0,-0.0995,0.995,0,0,0.8488,0.0547,1]},
{"frame":50,"values":[1,0,0,0,0,0.995,0.0995,0,0,-0.0995,0.995,0,0,0.8488,0.0547,1]},
{"frame":51,"values":[1,0,0,0,0,0.995,0.0995,0,0,-0.0995,0.995,0,0,0.8488,0.0547,1]},
{"frame":60,"values":[1,0,0,0,0,0.995,0.0995,0,0,-0.0995,0.995,0,0,0.7671,0.1055,1]},
{"frame":61,"values":[1,0,0,0,0,0.995,0.0995,0,0,-0.0995,0.995,0,0,0.767,0.107,1]},
{"frame":62,"values":[1,0,0,0,0,0.995,0.0995,0,0,-0.0995,0.995,0,0,0.7665,0.1112,1]},
{"frame":63,"values":[1,0,0,0,0,0.995,0.0995,0,0,-0.0995,0.995,0,0,0.7658,0.1153,1]},
{"frame":64,"values":[1,0,0,0,0,0.995,0.0995,0,0,-0.0995,0.995,0,0,0.7653,0.1168,1]},
{"frame":65,"values":[1,0,0,0,0,0.995,0.0995,0,0,-0.0995,0.995,0,0,0.7649,0.1154,1]},
{"frame":66,"values":[1,0,0,0,0,0.995,0.0995,0,0,-0.0995,0.995,0,0,0.7645,0.112,1]},
{"frame":67,"values":[1,0,0,0,0,0.995,0.0995,0,0,-0.0995,0.995,0,0,0.764,0.1085,1]},
{"frame":68,"values":[1,0,0,0,0,0.995,0.0995,0,0,-0.0995,0.995,0,0,0.7633,0.1071,1]},
{"frame":69,"values":[1,0,0,0,0,0.995,0.0995,0,0,-0.0995,0.995,0,0,0.7621,0.1076,1]},
{"frame":70,"values":[1,0,0,0,0,0.995,0.0995,0,0,-0.0995,0.995,0,0,0.7606,0.1096,1]},
{"frame":71,"values":[1,0,0,0,0,0.995,0.0995,0,0,-0.0995,0.995,0,0,0.7593,0.1125,1]},
{"frame":72,"values":[1,0,0,0,0,0.995,0.0995,0,0,-0.0995,0.995,0,0,0.7587,0.1155,1]},
{"frame":73,"values":[1,0,0,0,0,0.995,0.0995,0,0,-0.0995,0.995,0,0,0.7583,0.1192,1]},
{"frame":74,"values":[1,0,0,0,0,0.995,0.0995,0,0,-0.0995,0.995,0,0,0.7578,0.124,1]},
{"frame":75,"values":[1,0,0,0,0,0.995,0.0995,0,0,-0.0995,0.995,0,0,0.7574,0.1279,1]},
{"frame":76,"values":[1,0,0,0,0,0.995,0.0995,0,0,-0.0995,0.995,0,0,0.7573,0.1293,1]},
{"frame":77,"values":[1,0,0,0,0,0.995,0.0995,0,0,-0.0995,0.995,0,0,0.7575,0.1281,1]},
{"frame":78,"values":[1,0,0,0,0,0.995,0.0995,0,0,-0.0995,0.995,0,0,0.7581,0.1244,1]},
{"frame":79,"values":[1,0,0,0,0,0.995,0.0995,0,0,-0.0995,0.995,0,0,0.7594,0.1186,1]},
{"frame":80,"values":[1,0,0,0,0,0.995,0.0995,0,0,-0.0995,0.995,0,0,0.7612,0.1122,1]},
{"frame":81,"values":[1,0,0,0,0,0.995,0.0995,0,0,-0.0995,0.995,0,0,0.7643,0.1048,1]},
{"frame":82,"values":[1,0,0,0,0,0.995,0.0995,0,0,-0.0995,0.995,0,0,0.769,0.0956,1]},
{"frame":83,"values":[1,0,0,0,0,0.995,0.0995,0,0,-0.0995,0.995,0,0,0.7732,0.0866,1]},
{"frame":84,"values":[1,0,0,0,0,0.995,0.0995,0,0,-0.0995,0.995,0,0,0.775,0.0799,1]},
{"frame":85,"values":[1,0,0,0,0,0.995,0.0995,0,0,-0.0995,0.995,0,0,0.7749,0.0751,1]},
{"frame":86,"values":[1,0,0,0,0,0.995,0.0995,0,0,-0.0995,0.995,0,0,0.7732,0.0717,1]},
{"frame":87,"values":[1,0,0,0,0,0.995,0.0995,0,0,-0.0995,0.995,0,0,0.7704,0.07,1]},
{"frame":88,"values":[1,0,0,0,0,0.995,0.0995,0,0,-0.0995,0.995,0,0,0.7672,0.0695,1]},
{"frame":89,"values":[1,0,0,0,0,0.995,0.0995,0,0,-0.0995,0.995,0,0,0.7634,0.0717,1]},
{"frame":90,"values":[1,0,0,0,0,0.995,0.0995,0,0,-0.0995,0.995,0,0,0.7583,0.0787,1]},
{"frame":91,"values":[1,0,0,0,0,0.995,0.0995,0,0,-0.0995,0.995,0,0,0.7531,0.0875,1]},
{"frame":92,"values":[1,0,0,0,0,0.995,0.0995,0,0,-0.0995,0.995,0,0,0.7488,0.0944,1]},
{"frame":93,"values":[1,0,0,0,0,0.995,0.0995,0,0,-0.0995,0.995,0,0,0.7452,0.1001,1]},
{"frame":94,"values":[1,0,0,0,0,0.995,0.0995,0,0,-0.0995,0.995,0,0,0.7423,0.1051,1]},
{"frame":95,"values":[1,0,0,0,0,0.995,0.0995,0,0,-0.0995,0.995,0,0,0.7413,0.1068,1]}],"loopBehavior":1,"name":"anim","property":"_matrix"}},
{"name":"spine.upper","index":4,"matrix":[1,0,0,0,0,0.9841,0.1779,0,0,-0.1779,0.9841,0,0,0.201,0,1],"rest":[1,0,0,0,0,0.995,0.0995,0,0,-0.0995,0.9951,0,0,0.201,0,1],"parentBoneIndex":2,"length":0.25
,"animation":{"dataType":3,"framePerSecond":24,"keys":[
{"frame":0,"values":[1,0,0,0,0,0.9841,0.1779,0,0,-0.1779,0.9841,0,0,0.201,0,1]},
{"frame":1,"values":[1,0,0,0,0,0.9841,0.1779,0,0,-0.1779,0.9841,0,0,0.201,0,1]},
{"frame":10,"values":[1,0,0,0,0,0.9952,0.098,0,0,-0.098,0.9952,0,0,0.201,0,1]},
{"frame":42,"values":[1,0,0,0,0,0.9952,0.098,0,0,-0.098,0.9952,0,0,0.201,0,1]},
{"frame":50,"values":[1,0,0,0,0,0.9952,0.098,0,0,-0.098,0.9952,0,0,0.201,0,1]},
{"frame":51,"values":[1,0,0,0,0,0.9952,0.098,0,0,-0.098,0.9952,0,0,0.201,0,1]},
{"frame":60,"values":[1,0,0,0,0,0.9841,0.1779,0,0,-0.1779,0.9841,0,0,0.201,0,1]},
{"frame":61,"values":[1,0,0,0,0,0.984,0.1781,0,0,-0.1781,0.984,0,0,0.201,0,1]},
{"frame":62,"values":[1,0,0,0,0,0.9839,0.1788,0,0,-0.1788,0.9839,0,0,0.201,0,1]},
{"frame":63,"values":[1,0,0,0,0,0.9837,0.1795,0,0,-0.1795,0.9837,0,0,0.201,0,1]},
{"frame":64,"values":[1,0,0,0,0,0.9837,0.1798,0,0,-0.1798,0.9837,0,0,0.201,0,1]},
{"frame":65,"values":[1,0,0,0,0,0.9837,0.1796,0,0,-0.1796,0.9837,0,0,0.201,0,1]},
{"frame":66,"values":[1,0,0,0,0,0.9838,0.179,0,0,-0.179,0.9838,0,0,0.201,0,1]},
{"frame":67,"values":[1,0,0,0,0,0.9839,0.1785,0,0,-0.1785,0.9839,0,0,0.201,0,1]},
{"frame":68,"values":[1,0,0,0,0,0.984,0.1783,0,0,-0.1783,0.984,0,0,0.201,0,1]},
{"frame":69,"values":[1,0,0,0,0,0.984,0.1784,0,0,-0.1784,0.984,0,0,0.201,0,1]},
{"frame":70,"values":[1,0,0,0,0,0.9839,0.1788,0,0,-0.1788,0.9839,0,0,0.201,0,1]},
{"frame":71,"values":[1,0,0,0,0,0.9838,0.1793,0,0,-0.1793,0.9838,0,0,0.201,0,1]},
{"frame":72,"values":[1,0,0,0,0,0.9837,0.1798,0,0,-0.1798,0.9837,0,0,0.201,0,1]},
{"frame":73,"values":[1,0,0,0,0,0.9836,0.1805,0,0,-0.1805,0.9836,0,0,0.201,0,1]},
{"frame":74,"values":[1,0,0,0,0,0.9834,0.1813,0,0,-0.1813,0.9834,0,0,0.201,0,1]},
{"frame":75,"values":[1,0,0,0,0,0.9833,0.182,0,0,-0.182,0.9833,0,0,0.201,0,1]},
{"frame":76,"values":[1,0,0,0,0,0.9833,0.1822,0,0,-0.1822,0.9833,0,0,0.201,0,1]},
{"frame":77,"values":[1,0,0,0,0,0.9833,0.182,0,0,-0.182,0.9833,0,0,0.201,0,1]},
{"frame":78,"values":[1,0,0,0,0,0.9834,0.1814,0,0,-0.1814,0.9834,0,0,0.201,0,1]},
{"frame":79,"values":[1,0,0,0,0,0.9836,0.1803,0,0,-0.1803,0.9836,0,0,0.201,0,1]},
{"frame":80,"values":[1,0,0,0,0,0.9838,0.1792,0,0,-0.1792,0.9838,0,0,0.201,0,1]},
{"frame":81,"values":[1,0,0,0,0,0.9841,0.1778,0,0,-0.1778,0.9841,0,0,0.201,0,1]},
{"frame":82,"values":[1,0,0,0,0,0.9844,0.1762,0,0,-0.1762,0.9844,0,0,0.201,0,1]},
{"frame":83,"values":[1,0,0,0,0,0.9846,0.1745,0,0,-0.1745,0.9846,0,0,0.201,0,1]},
{"frame":84,"values":[1,0,0,0,0,0.9849,0.1734,0,0,-0.1734,0.9849,0,0,0.201,0,1]},
{"frame":85,"values":[1,0,0,0,0,0.985,0.1725,0,0,-0.1725,0.985,0,0,0.201,0,1]},
{"frame":86,"values":[1,0,0,0,0,0.9851,0.172,0,0,-0.172,0.9851,0,0,0.201,0,1]},
{"frame":87,"values":[1,0,0,0,0,0.9851,0.1718,0,0,-0.1718,0.9851,0,0,0.201,0,1]},
{"frame":88,"values":[1,0,0,0,0,0.9851,0.1717,0,0,-0.1717,0.9851,0,0,0.201,0,1]},
{"frame":89,"values":[1,0,0,0,0,0.9851,0.1722,0,0,-0.1722,0.9851,0,0,0.201,0,1]},
{"frame":90,"values":[1,0,0,0,0,0.9848,0.1735,0,0,-0.1735,0.9848,0,0,0.201,0,1]},
{"frame":91,"values":[1,0,0,0,0,0.9845,0.1752,0,0,-0.1752,0.9845,0,0,0.201,0,1]},
{"frame":92,"values":[1,0,0,0,0,0.9843,0.1765,0,0,-0.1765,0.9843,0,0,0.201,0,1]},
{"frame":93,"values":[1,0,0,0,0,0.9841,0.1776,0,0,-0.1776,0.9841,0,0,0.201,0,1]},
{"frame":94,"values":[1,0,0,0,0,0.9839,0.1786,0,0,-0.1786,0.9839,0,0,0.201,0,1]},
{"frame":95,"values":[1,0,0,0,0,0.9838,0.1789,0,0,-0.1789,0.9838,0,0,0.201,0,1]}],"loopBehavior":1,"name":"anim","property":"_matrix"}},
{"name":"spine.neck","index":5,"matrix":[1,0,0,0,0,0.9941,-0.1085,0,0,0.1085,0.9941,0,0,0.2503,-0.0013,1],"rest":[1,0,0,0,0,1,0,0,0,0,1,0,0,0.25,0,1],"parentBoneIndex":4,"length":0.08
,"animation":{"dataType":3,"framePerSecond":24,"keys":[
{"frame":0,"values":[1,0,0,0,0,0.9941,-0.1085,0,0,0.1085,0.9941,0,0,0.2503,-0.0013,1]},
{"frame":1,"values":[1,0,0,0,0,0.9941,-0.1085,0,0,0.1085,0.9941,0,0,0.2503,-0.0013,1]},
{"frame":10,"values":[1,0,0,0,0,0.9999,-0.0112,0,0,0.0112,0.9999,0,0,0.25,0,1]},
{"frame":42,"values":[1,0,0,0,0,0.9999,-0.0112,0,0,0.0112,0.9999,0,0,0.25,0,1]},
{"frame":50,"values":[1,0,0,0,0,0.9999,-0.0112,0,0,0.0112,0.9999,0,0,0.25,0,1]},
{"frame":51,"values":[1,0,0,0,0,0.9999,-0.0112,0,0,0.0112,0.9999,0,0,0.25,0,1]},
{"frame":60,"values":[1,0,0,0,0,0.9941,-0.1085,0,0,0.1085,0.9941,0,0,0.2503,-0.0013,1]},
{"frame":61,"values":[1,0,0,0,0,0.9943,-0.1063,0,0,0.1064,0.9943,0,0,0.2503,-0.0013,1]},
{"frame":62,"values":[1,0,0,0,0,0.9949,-0.1007,0,0,0.1007,0.9949,0,0,0.2503,-0.0013,1]},
{"frame":63,"values":[1,0,0,0,0,0.9955,-0.095,0,0,0.095,0.9955,0,0,0.2503,-0.0013,1]},
{"frame":64,"values":[1,0,0,0,0,0.9957,-0.0928,0,0,0.0928,0.9957,0,0,0.2503,-0.0013,1]},
{"frame":65,"values":[1,0,0,0,0,0.9955,-0.0945,0,0,0.0945,0.9955,0,0,0.2503,-0.0013,1]},
{"frame":66,"values":[1,0,0,0,0,0.9951,-0.099,0,0,0.099,0.9951,0,0,0.2503,-0.0013,1]},
{"frame":67,"values":[1,0,0,0,0,0.9946,-0.1036,0,0,0.1036,0.9946,0,0,0.2503,-0.0013,1]},
{"frame":68,"values":[1,0,0,0,0,0.9944,-0.1053,0,0,0.1053,0.9944,0,0,0.2503,-0.0013,1]},
{"frame":69,"values":[1,0,0,0,0,0.9946,-0.1042,0,0,0.1042,0.9946,0,0,0.2503,-0.0013,1]},
{"frame":70,"values":[1,0,0,0,0,0.9949,-0.1011,0,0,0.1011,0.9949,0,0,0.2503,-0.0013,1]},
{"frame":71,"values":[1,0,0,0,0,0.9953,-0.0968,0,0,0.0968,0.9953,0,0,0.2503,-0.0013,1]},
{"frame":72,"values":[1,0,0,0,0,0.9957,-0.0925,0,0,0.0925,0.9957,0,0,0.2503,-0.0013,1]},
{"frame":73,"values":[1,0,0,0,0,0.9962,-0.0873,0,0,0.0873,0.9962,0,0,0.2503,-0.0013,1]},
{"frame":74,"values":[1,0,0,0,0,0.9968,-0.0805,0,0,0.0805,0.9968,0,0,0.2503,-0.0013,1]},
{"frame":75,"values":[1,0,0,0,0,0.9972,-0.0751,0,0,0.0751,0.9972,0,0,0.2503,-0.0013,1]},
{"frame":76,"values":[1,0,0,0,0,0.9973,-0.0733,0,0,0.0733,0.9973,0,0,0.2503,-0.0013,1]},
{"frame":77,"values":[1,0,0,0,0,0.9972,-0.0749,0,0,0.0749,0.9972,0,0,0.2503,-0.0013,1]},
{"frame":78,"values":[1,0,0,0,0,0.9968,-0.0802,0,0,0.0802,0.9968,0,0,0.2503,-0.0013,1]},
{"frame":79,"values":[1,0,0,0,0,0.9961,-0.0885,0,0,0.0885,0.9961,0,0,0.2503,-0.0013,1]},
{"frame":80,"values":[1,0,0,0,0,0.9952,-0.0977,0,0,0.0977,0.9952,0,0,0.2503,-0.0013,1]},
{"frame":81,"values":[1,0,0,0,0,0.9941,-0.1086,0,0,0.1086,0.9941,0,0,0.2503,-0.0013,1]},
{"frame":82,"values":[1,0,0,0,0,0.9925,-0.1223,0,0,0.1223,0.9925,0,0,0.2503,-0.0013,1]},
{"frame":83,"values":[1,0,0,0,0,0.9908,-0.1352,0,0,0.1352,0.9908,0,0,0.2503,-0.0013,1]},
{"frame":84,"values":[1,0,0,0,0,0.9895,-0.1446,0,0,0.1446,0.9895,0,0,0.2503,-0.0013,1]},
{"frame":85,"values":[1,0,0,0,0,0.9885,-0.1511,0,0,0.1511,0.9885,0,0,0.2503,-0.0013,1]},
{"frame":86,"values":[1,0,0,0,0,0.9879,-0.1554,0,0,0.1554,0.9879,0,0,0.2503,-0.0013,1]},
{"frame":87,"values":[1,0,0,0,0,0.9875,-0.1573,0,0,0.1573,0.9875,0,0,0.2503,-0.0013,1]},
{"frame":88,"values":[1,0,0,0,0,0.9875,-0.1578,0,0,0.1578,0.9875,0,0,0.2503,-0.0013,1]},
{"frame":89,"values":[1,0,0,0,0,0.988,-0.1542,0,0,0.1542,0.988,0,0,0.2503,-0.0013,1]},
{"frame":90,"values":[1,0,0,0,0,0.9896,-0.1437,0,0,0.1437,0.9896,0,0,0.2503,-0.0013,1]},
{"frame":91,"values":[1,0,0,0,0,0.9915,-0.1301,0,0,0.1301,0.9915,0,0,0.2503,-0.0013,1]},
{"frame":92,"values":[1,0,0,0,0,0.9929,-0.1193,0,0,0.1193,0.9929,0,0,0.2503,-0.0013,1]},
{"frame":93,"values":[1,0,0,0,0,0.9939,-0.1101,0,0,0.1101,0.9939,0,0,0.2503,-0.0013,1]},
{"frame":94,"values":[1,0,0,0,0,0.9948,-0.102,0,0,0.102,0.9948,0,0,0.2503,-0.0013,1]},
{"frame":95,"values":[1,0,0,0,0,0.9951,-0.0991,0,0,0.0991,0.9951,0,0,0.2503,-0.0013,1]}],"loopBehavior":1,"name":"anim","property":"_matrix"}},
{"name":"spine.head","index":6,"matrix":[1,0,0,0,0,0.9869,0.1613,0,0,-0.1613,0.9869,0,0,0.08,0,1],"rest":[1,0,0,0,0,0.9965,-0.083,0,0,0.083,0.9966,0,0,0.08,0,1],"parentBoneIndex":5,"length":0.1204
,"animation":{"dataType":3,"framePerSecond":24,"keys":[
{"frame":0,"values":[1,0,0,0,0,0.9869,0.1613,0,0,-0.1613,0.9869,0,0,0.08,0,1]},
{"frame":1,"values":[1,0,0,0,0,0.9869,0.1613,0,0,-0.1613,0.9869,0,0,0.08,0,1]},
{"frame":10,"values":[1,0,0,0,0,0.9999,-0.0141,0,0,0.0141,0.9999,0,0,0.08,0,1]},
{"frame":42,"values":[1,0,0,0,0,0.9999,-0.0141,0,0,0.0141,0.9999,0,0,0.08,0,1]},
{"frame":50,"values":[1,0,0,0,0,0.9999,-0.0141,0,0,0.0141,0.9999,0,0,0.08,0,1]},
{"frame":51,"values":[1,0,0,0,0,0.9999,-0.0141,0,0,0.0141,0.9999,0,0,0.08,0,1]},
{"frame":60,"values":[1,0,0,0,0,0.9869,0.1613,0,0,-0.1613,0.9869,0,0,0.08,0,1]},
{"frame":61,"values":[1,0,0,0,0,0.9864,0.1641,0,0,-0.1641,0.9864,0,0,0.08,0,1]},
{"frame":62,"values":[1,0,0,0,0,0.9852,0.1715,0,0,-0.1715,0.9852,0,0,0.08,0,1]},
{"frame":63,"values":[1,0,0,0,0,0.9839,0.1788,0,0,-0.1788,0.9839,0,0,0.08,0,1]},
{"frame":64,"values":[1,0,0,0,0,0.9833,0.1818,0,0,-0.1818,0.9833,0,0,0.08,0,1]},
{"frame":65,"values":[1,0,0,0,0,0.9837,0.1797,0,0,-0.1797,0.9837,0,0,0.08,0,1]},
{"frame":66,"values":[1,0,0,0,0,0.9848,0.1739,0,0,-0.1739,0.9848,0,0,0.08,0,1]},
{"frame":67,"values":[1,0,0,0,0,0.9858,0.1681,0,0,-0.1681,0.9858,0,0,0.08,0,1]},
{"frame":68,"values":[1,0,0,0,0,0.9861,0.1661,0,0,-0.1661,0.9861,0,0,0.08,0,1]},
{"frame":69,"values":[1,0,0,0,0,0.9858,0.1677,0,0,-0.1677,0.9858,0,0,0.08,0,1]},
{"frame":70,"values":[1,0,0,0,0,0.9851,0.1719,0,0,-0.1719,0.9851,0,0,0.08,0,1]},
{"frame":71,"values":[1,0,0,0,0,0.9841,0.1778,0,0,-0.1778,0.9841,0,0,0.08,0,1]},
{"frame":72,"values":[1,0,0,0,0,0.983,0.1834,0,0,-0.1834,0.983,0,0,0.08,0,1]},
{"frame":73,"values":[1,0,0,0,0,0.9818,0.1901,0,0,-0.1901,0.9818,0,0,0.08,0,1]},
{"frame":74,"values":[1,0,0,0,0,0.98,0.1988,0,0,-0.1987,0.9801,0,0,0.08,0,1]},
{"frame":75,"values":[1,0,0,0,0,0.9786,0.2056,0,0,-0.2056,0.9786,0,0,0.08,0,1]},
{"frame":76,"values":[1,0,0,0,0,0.9781,0.208,0,0,-0.208,0.9781,0,0,0.08,0,1]},
{"frame":77,"values":[1,0,0,0,0,0.9786,0.206,0,0,-0.206,0.9786,0,0,0.08,0,1]},
{"frame":78,"values":[1,0,0,0,0,0.98,0.1992,0,0,-0.1992,0.98,0,0,0.08,0,1]},
{"frame":79,"values":[1,0,0,0,0,0.9821,0.1884,0,0,-0.1884,0.9821,0,0,0.08,0,1]},
{"frame":80,"values":[1,0,0,0,0,0.9843,0.1763,0,0,-0.1763,0.9843,0,0,0.08,0,1]},
{"frame":81,"values":[1,0,0,0,0,0.9868,0.1616,0,0,-0.1616,0.9869,0,0,0.08,0,1]},
{"frame":82,"values":[1,0,0,0,0,0.9897,0.1432,0,0,-0.1432,0.9897,0,0,0.08,0,1]},
{"frame":83,"values":[1,0,0,0,0,0.9921,0.1257,0,0,-0.1257,0.9921,0,0,0.08,0,1]},
{"frame":84,"values":[1,0,0,0,0,0.9936,0.1133,0,0,-0.1133,0.9936,0,0,0.08,0,1]},
{"frame":85,"values":[1,0,0,0,0,0.9945,0.1048,0,0,-0.1047,0.9945,0,0,0.08,0,1]},
{"frame":86,"values":[1,0,0,0,0,0.9951,0.0992,0,0,-0.0992,0.9951,0,0,0.08,0,1]},
{"frame":87,"values":[1,0,0,0,0,0.9953,0.0969,0,0,-0.0969,0.9953,0,0,0.08,0,1]},
{"frame":88,"values":[1,0,0,0,0,0.9953,0.0966,0,0,-0.0966,0.9953,0,0,0.08,0,1]},
{"frame":89,"values":[1,0,0,0,0,0.9948,0.1017,0,0,-0.1017,0.9948,0,0,0.08,0,1]},
{"frame":90,"values":[1,0,0,0,0,0.9932,0.1165,0,0,-0.1165,0.9932,0,0,0.08,0,1]},
{"frame":91,"values":[1,0,0,0,0,0.9908,0.1352,0,0,-0.1352,0.9908,0,0,0.08,0,1]},
{"frame":92,"values":[1,0,0,0,0,0.9886,0.1502,0,0,-0.1502,0.9887,0,0,0.08,0,1]},
{"frame":93,"values":[1,0,0,0,0,0.9866,0.1631,0,0,-0.1631,0.9866,0,0,0.08,0,1]},
{"frame":94,"values":[1,0,0,0,0,0.9847,0.1744,0,0,-0.1744,0.9847,0,0,0.08,0,1]},
{"frame":95,"values":[1,0,0,0,0,0.984,0.1783,0,0,-0.1783,0.984,0,0,0.08,0,1]}],"loopBehavior":1,"name":"anim","property":"_matrix"}},
{"name":"leg.rear.upper.r","index":7,"matrix":[0.9991,-0.0069,-0.0422,0,0.0389,0.5576,0.8292,0,0.0179,-0.8301,0.5573,0,-0.06,-0.0065,0.0106,1],"rest":[1,0,0,0,0,0.2811,0.9597,0,0,-0.9597,0.2811,0,-0.06,-0.0065,0.0106,1],"parentBoneIndex":2,"length":0.146
,"animation":{"dataType":3,"framePerSecond":24,"keys":[
{"frame":0,"values":[0.9991,-0.0069,-0.0422,0,0.0389,0.5576,0.8292,0,0.0179,-0.8301,0.5573,0,-0.06,-0.0065,0.0106,1]},
{"frame":1,"values":[0.9991,-0.0069,-0.0422,0,0.0389,0.5576,0.8292,0,0.0179,-0.8301,0.5573,0,-0.06,-0.0065,0.0106,1]},
{"frame":10,"values":[1,0,0,0,0,0.2811,0.9597,0,0,-0.9597,0.2811,0,-0.06,-0.0065,0.0106,1]},
{"frame":11,"values":[1,0,0,0,0,0.2822,0.9593,0,0,-0.9593,0.2822,0,-0.06,-0.0065,0.0106,1]},
{"frame":12,"values":[1,0,-0.0001,0,0.0001,0.2856,0.9583,0,0,-0.9583,0.2856,0,-0.06,-0.0065,0.0106,1]},
{"frame":13,"values":[1,0,-0.0003,0,0.0003,0.2912,0.9567,0,0.0001,-0.9567,0.2912,0,-0.06,-0.0065,0.0106,1]},
{"frame":14,"values":[1,0,-0.0005,0,0.0005,0.299,0.9543,0,0.0002,-0.9543,0.299,0,-0.06,-0.0065,0.0106,1]},
{"frame":15,"values":[1,0.0001,-0.0008,0,0.0008,0.3088,0.9511,0,0.0003,-0.9511,0.3088,0,-0.06,-0.0065,0.0106,1]},
{"frame":16,"values":[1,0.0001,-0.0012,0,0.0011,0.3206,0.9472,0,0.0005,-0.9472,0.3206,0,-0.06,-0.0065,0.0106,1]},
{"frame":17,"values":[1,0.0001,-0.0017,0,0.0015,0.3341,0.9425,0,0.0007,-0.9425,0.3341,0,-0.06,-0.0065,0.0106,1]},
{"frame":18,"values":[1,0.0001,-0.0022,0,0.002,0.3491,0.9371,0,0.0009,-0.9371,0.3491,0,-0.06,-0.0065,0.0106,1]},
{"frame":19,"values":[1,0.0002,-0.0027,0,0.0025,0.3648,0.9311,0,0.0011,-0.9311,0.3648,0,-0.06,-0.0065,0.0106,1]},
{"frame":20,"values":[1,0.0002,-0.0033,0,0.003,0.3814,0.9244,0,0.0014,-0.9244,0.3813,0,-0.06,-0.0065,0.0106,1]},
{"frame":21,"values":[1,0.0002,-0.0039,0,0.0035,0.3985,0.9172,0,0.0018,-0.9172,0.3985,0,-0.06,-0.0065,0.0106,1]},
{"frame":22,"values":[1,0.0003,-0.0045,0,0.004,0.4158,0.9095,0,0.0022,-0.9095,0.4157,0,-0.06,-0.0065,0.0106,1]},
{"frame":23,"values":[1,0.0004,-0.0052,0,0.0045,0.4326,0.9016,0,0.0025,-0.9016,0.4326,0,-0.06,-0.0065,0.0106,1]},
{"frame":24,"values":[1,0.0004,-0.0058,0,0.005,0.4492,0.8934,0,0.003,-0.8934,0.4492,0,-0.06,-0.0065,0.0106,1]},
{"frame":25,"values":[1,0.0005,-0.0064,0,0.0054,0.4654,0.8851,0,0.0034,-0.8851,0.4653,0,-0.06,-0.0065,0.0106,1]},
{"frame":26,"values":[1,0.0006,-0.007,0,0.0059,0.481,0.8767,0,0.0039,-0.8767,0.481,0,-0.06,-0.0065,0.0106,1]},
{"frame":27,"values":[1,0.0006,-0.0077,0,0.0064,0.4964,0.8681,0,0.0044,-0.8681,0.4964,0,-0.06,-0.0065,0.0106,1]},
{"frame":28,"values":[1,0.0007,-0.0084,0,0.0069,0.5109,0.8596,0,0.0049,-0.8596,0.5109,0,-0.06,-0.0065,0.0106,1]},
{"frame":29,"values":[1,0.0008,-0.0091,0,0.0073,0.5246,0.8513,0,0.0054,-0.8514,0.5245,0,-0.06,-0.0065,0.0106,1]},
{"frame":30,"values":[1,0.0009,-0.0097,0,0.0077,0.5372,0.8434,0,0.0059,-0.8434,0.5372,0,-0.06,-0.0065,0.0106,1]},
{"frame":31,"values":[0.9999,0.0009,-0.0103,0,0.0081,0.5489,0.8358,0,0.0064,-0.8359,0.5489,0,-0.06,-0.0065,0.0106,1]},
{"frame":32,"values":[0.9999,0.001,-0.011,0,0.0085,0.5601,0.8284,0,0.0069,-0.8284,0.56,0,-0.06,-0.0065,0.0106,1]},
{"frame":33,"values":[0.9999,0.001,-0.0116,0,0.0089,0.5704,0.8213,0,0.0074,-0.8214,0.5704,0,-0.06,-0.0065,0.0106,1]},
{"frame":34,"values":[0.9999,0.001,-0.0121,0,0.0093,0.5794,0.815,0,0.0079,-0.815,0.5794,0,-0.06,-0.0065,0.0106,1]},
{"frame":35,"values":[0.9999,0.0011,-0.0126,0,0.0096,0.5873,0.8093,0,0.0083,-0.8093,0.5873,0,-0.06,-0.0065,0.0106,1]},
{"frame":36,"values":[0.9999,0.0011,-0.0131,0,0.0099,0.5942,0.8043,0,0.0086,-0.8043,0.5941,0,-0.06,-0.0065,0.0106,1]},
{"frame":37,"values":[0.9999,0.0011,-0.0135,0,0.0101,0.5999,0.8,0,0.009,-0.8001,0.5999,0,-0.06,-0.0065,0.0106,1]},
{"frame":38,"values":[0.9999,0.0011,-0.0138,0,0.0103,0.6046,0.7965,0,0.0092,-0.7965,0.6045,0,-0.06,-0.0065,0.0106,1]},
{"frame":39,"values":[0.9999,0.0011,-0.014,0,0.0105,0.6082,0.7937,0,0.0094,-0.7938,0.6081,0,-0.06,-0.0065,0.0106,1]},
{"frame":40,"values":[0.9999,0.0011,-0.0142,0,0.0106,0.6108,0.7917,0,0.0096,-0.7918,0.6107,0,-0.06,-0.0065,0.0106,1]},
{"frame":41,"values":[0.9999,0.0011,-0.0143,0,0.0106,0.6123,0.7906,0,0.0097,-0.7906,0.6122,0,-0.06,-0.0065,0.0106,1]},
{"frame":42,"values":[0.9999,0.0011,-0.0144,0,0.0107,0.6128,0.7902,0,0.0097,-0.7902,0.6127,0,-0.06,-0.0065,0.0106,1]},
{"frame":50,"values":[1,0,0,0,0,0.2811,0.9597,0,0,-0.9597,0.2811,0,-0.06,-0.0065,0.0106,1]},
{"frame":51,"values":[1,0,0,0,0,0.2811,0.9597,0,0,-0.9597,0.2811,0,-0.06,-0.0065,0.0106,1]},
{"frame":60,"values":[0.9991,-0.0069,-0.0422,0,0.0389,0.5576,0.8292,0,0.0179,-0.8301,0.5573,0,-0.06,-0.0065,0.0106,1]},
{"frame":61,"values":[0.9991,-0.0062,-0.0415,0,0.0377,0.5695,0.8211,0,0.0185,-0.822,0.5692,0,-0.06,-0.0065,0.0106,1]},
{"frame":62,"values":[0.9992,-0.0044,-0.0395,0,0.0344,0.5942,0.8036,0,0.0199,-0.8043,0.5938,0,-0.06,-0.0065,0.0106,1]},
{"frame":63,"values":[0.9993,-0.0023,-0.0373,0,0.0309,0.6136,0.789,0,0.0211,-0.7896,0.6132,0,-0.06,-0.0065,0.0106,1]},
{"frame":64,"values":[0.9994,-0.0008,-0.0358,0,0.0286,0.6207,0.7835,0,0.0216,-0.784,0.6204,0,-0.06,-0.0065,0.0106,1]},
{"frame":65,"values":[0.9994,0.0007,-0.0345,0,0.0268,0.6166,0.7868,0,0.0218,-0.7872,0.6163,0,-0.06,-0.0065,0.0106,1]},
{"frame":66,"values":[0.9995,0.0023,-0.0331,0,0.025,0.6026,0.7976,0,0.0218,-0.798,0.6022,0,-0.06,-0.0065,0.0106,1]},
{"frame":67,"values":[0.9995,0.0038,-0.0316,0,0.0237,0.5772,0.8163,0,0.0213,-0.8166,0.5768,0,-0.06,-0.0065,0.0106,1]},
{"frame":68,"values":[0.9995,0.0045,-0.0308,0,0.0234,0.5452,0.838,0,0.0206,-0.8383,0.5448,0,-0.06,-0.0065,0.0106,1]},
{"frame":69,"values":[0.9995,0.0048,-0.0301,0,0.0235,0.5057,0.8624,0,0.0194,-0.8627,0.5053,0,-0.06,-0.0065,0.0106,1]},
{"frame":70,"values":[0.9995,0.0045,-0.0299,0,0.0245,0.4591,0.8881,0,0.0177,-0.8884,0.4587,0,-0.06,-0.0065,0.0106,1]},
{"frame":71,"values":[0.9995,0.0043,-0.0299,0,0.0255,0.4078,0.9127,0,0.0161,-0.9131,0.4075,0,-0.06,-0.0065,0.0106,1]},
{"frame":72,"values":[0.9995,0.0043,-0.0304,0,0.0269,0.3558,0.9342,0,0.0148,-0.9346,0.3555,0,-0.06,-0.0065,0.0106,1]},
{"frame":73,"values":[0.9995,0.0046,-0.0317,0,0.0288,0.3043,0.9521,0,0.014,-0.9526,0.304,0,-0.06,-0.0065,0.0106,1]},
{"frame":74,"values":[0.9994,0.0053,-0.0339,0,0.0314,0.2552,0.9664,0,0.0138,-0.9669,0.2548,0,-0.06,-0.0065,0.0106,1]},
{"frame":75,"values":[0.9993,0.0061,-0.0363,0,0.0343,0.2078,0.9776,0,0.0135,-0.9781,0.2075,0,-0.06,-0.0065,0.0106,1]},
{"frame":76,"values":[0.9993,0.0067,-0.0379,0,0.0363,0.1607,0.9863,0,0.0127,-0.987,0.1603,0,-0.06,-0.0065,0.0106,1]},
{"frame":77,"values":[0.9993,0.0068,-0.0365,0,0.0355,0.1114,0.9931,0,0.0108,-0.9938,0.1111,0,-0.06,-0.0065,0.0106,1]},
{"frame":78,"values":[0.9995,0.0061,-0.0302,0,0.0297,0.0659,0.9974,0,0.008,-0.9978,0.0656,0,-0.06,-0.0065,0.0106,1]},
{"frame":79,"values":[0.9997,0.0047,-0.0222,0,0.022,0.0365,0.9991,0,0.0055,-0.9993,0.0363,0,-0.06,-0.0065,0.0106,1]},
{"frame":80,"values":[0.9999,0.0035,-0.0163,0,0.0162,0.0294,0.9994,0,0.0039,-0.9996,0.0293,0,-0.06,-0.0065,0.0106,1]},
{"frame":81,"values":[0.9999,0.0029,-0.0138,0,0.0137,0.0343,0.9993,0,0.0034,-0.9994,0.0342,0,-0.06,-0.0065,0.0106,1]},
