{"producer":{"name":"Blender","version":"2.79 (sub 0)","exporter_version":"5.6.4","file":"fox.babylon"},
"autoClear":true,"clearColor":[0.0509,0.0509,0.0509],"ambientColor":[0,0,0],"gravity":[0,-9.81,0],
"materials":[{"name":"fox.red","id":"fox.red","ambient":[0.8,0.1653,0.0078],"diffuse":[0.64,0.1323,0.0063],"specular":[0.2,0.2,0.2],"emissive":[0,0,0],"specularPower":50,"alpha":1,"backFaceCulling":true,"checkReadyOnlyOnce":false,"maxSimultaneousLights":4},
{"name":"fox.white","id":"fox.white","ambient":[0.8,0.8,0.8],"diffuse":[0.64,0.64,0.64],"specular":[0.5,0.5,0.5],"emissive":[0,0,0],"specularPower":50,"alpha":1,"backFaceCulling":true,"checkReadyOnlyOnce":false,"maxSimultaneousLights":4},
{"name":"fox.black","id":"fox.black","ambient":[0.0036,0.0036,0.0036],"diffuse":[0.0029,0.0029,0.0029],"specular":[0.5,0.5,0.5],"emissive":[0,0,0],"specularPower":50,"alpha":1,"backFaceCulling":true,"checkReadyOnlyOnce":false,"maxSimultaneousLights":4}],
"multiMaterials":[{"name":"fox.Multimaterial#0","id":"fox.Multimaterial#0","materials":["fox.red","fox.white","fox.black"]}],
"skeletons":[{"name":"Armature","id":0,"dimensionsAtRest":[0.1218,0.4365,1.44],"bones":[
{"name":"leg.rear.foot.r","index":0,"matrix":[-1,0,0,0,0,-0.2902,-0.957,0,0,0.957,-0.2902,0,-0.0525,0.038,0.1083,1],"rest":[-1,0,0,0,0,-0.0487,-0.9988,0,0,0.9989,-0.0487,0,-0.06,0.0194,0.2248,1],"parentBoneIndex":-1,"length":0.0524
,"animation":{"dataType":3,"framePerSecond":24,"keys":[
{"frame":0,"values":[-1,0,0,0,0,-0.2902,-0.957,0,0,0.957,-0.2902,0,-0.0525,0.038,0.1083,1]},
{"frame":1,"values":[-1,0,0,0,0,-0.2902,-0.957,0,0,0.957,-0.2902,0,-0.0525,0.038,0.1083,1]},
{"frame":10,"values":[-1,0,0,0,0,-0.0487,-0.9988,0,0,0.9989,-0.0487,0,-0.06,0.0194,0.2248,1]},
{"frame":14,"values":[-1,0,0,0,0,-0.0487,-0.9988,0,0,0.9989,-0.0487,0,-0.06,0.0194,0.2248,1]},
{"frame":20,"values":[-1,0,0,0,0,-0.0487,-0.9988,0,0,0.9989,-0.0487,0,-0.06,0.0194,0.2248,1]},
{"frame":21,"values":[-1,0,0,0,0,-0.0487,-0.9988,0,0,0.9989,-0.0487,0,-0.06,0.0194,0.2248,1]},
{"frame":30,"values":[-1,0,0,0,0,-0.0487,-0.9988,0,0,0.9989,-0.0487,0,-0.0396,0.0194,0.0441,1]},
{"frame":31,"values":[-1,0,0,0,0,-0.0487,-0.9988,0,0,0.9989,-0.0487,0,-0.0395,0.0191,0.0476,1]},
{"frame":32,"values":[-1,0,0,0,0,-0.0487,-0.9988,0,0,0.9989,-0.0487,0,-0.0393,0.0183,0.0589,1]},
{"frame":33,"values":[-1,0,0,0,0,-0.0487,-0.9988,0,0,0.9989,-0.0487,0,-0.0391,0.0175,0.0765,1]},
{"frame":34,"values":[-1,0,0,0,0,-0.0487,-0.9988,0,0,0.9989,-0.0487,0,-0.0389,0.017,0.0957,1]},
{"frame":35,"values":[-1,0,0,0,0,-0.0487,-0.9988,0,0,0.9989,-0.0487,0,-0.0387,0.017,0.1168,1]},
{"frame":36,"values":[-1,0,0,0,0,-0.0487,-0.9988,0,0,0.9989,-0.0487,0,-0.0384,0.0173,0.1423,1]},
{"frame":37,"values":[-1,0,0,0,0,-0.0487,-0.9988,0,0,0.9989,-0.0487,0,-0.0382,0.0176,0.1693,1]},
{"frame":38,"values":[-1,0,0,0,0,-0.0487,-0.9988,0,0,0.9989,-0.0487,0,-0.0382,0.0178,0.1938,1]},
{"frame":39,"values":[-1,0,0,0,0,-0.0487,-0.9988,0,0,0.9989,-0.0487,0,-0.0385,0.0175,0.2161,1]},
{"frame":40,"values":[-1,0,0,0,0,-0.0487,-0.9988,0,0,0.9989,-0.0487,0,-0.0392,0.0168,0.2372,1]},
{"frame":41,"values":[-1,0,0,0,0,-0.0487,-0.9988,0,0,0.9989,-0.0487,0,-0.04,0.0165,0.2577,1]},
{"frame":42,"values":[-1,0,0,0,0,-0.0487,-0.9988,0,0,0.9989,-0.0487,0,-0.0403,0.0171,0.2783,1]},
{"frame":43,"values":[-1,0,0,0,0,-0.0788,-0.9969,0,0,0.9969,-0.0788,0,-0.0399,0.0193,0.2997,1]},
{"frame":44,"values":[-1,0,0,0,0,-0.1663,-0.9861,0,0,0.9861,-0.1663,0,-0.0389,0.0239,0.3217,1]},
{"frame":45,"values":[-1,0,0,0,0,-0.2772,-0.9608,0,0,0.9609,-0.2772,0,-0.0379,0.0293,0.3422,1]},
{"frame":46,"values":[-1,0,0,0,0,-0.3665,-0.9304,0,0,0.9305,-0.3665,0,-0.0375,0.0337,0.36,1]},
{"frame":47,"values":[-1,0,0,0,0,-0.4152,-0.9097,0,0,0.9098,-0.4152,0,-0.0389,0.0372,0.3776,1]},
{"frame":48,"values":[-1,0,0,0,0,-0.4406,-0.8977,0,0,0.8977,-0.4406,0,-0.0428,0.0405,0.395,1]},
{"frame":49,"values":[-1,0,0,0,0,-0.4974,-0.8675,0,0,0.8676,-0.4974,0,-0.0475,0.0433,0.4068,1]},
{"frame":50,"values":[-1,0,0,0,0,-0.617,-0.787,0,0,0.787,-0.617,0,-0.0509,0.0458,0.4105,1]},
{"frame":51,"values":[-1,0,0,0,0,-0.9991,-0.0433,0,0,0.0433,-0.9991,0,-0.0523,0.048,0.4096,1]},
{"frame":52,"values":[-1,0,0,0,0,-0.7535,0.6574,0,0,-0.6575,-0.7535,0,-0.0537,0.0499,0.404,1]},
{"frame":53,"values":[-1,0,0,0,0,-0.9899,0.142,0,0,-0.142,-0.9899,0,-0.0575,0.051,0.3886,1]},
{"frame":54,"values":[-1,0,0,0,0,-0.8488,-0.5288,0,0,0.5288,-0.8488,0,-0.06,0.0515,0.3621,1]},
{"frame":55,"values":[-1,0,0,0,0,-0.7444,-0.6677,0,0,0.6678,-0.7444,0,-0.06,0.0524,0.3331,1]},
{"frame":56,"values":[-1,0,0,0,0,-0.6922,-0.7217,0,0,0.7218,-0.6922,0,-0.06,0.0535,0.3003,1]},
{"frame":57,"values":[-1,0,0,0,0,-0.6675,-0.7446,0,0,0.7446,-0.6675,0,-0.06,0.0539,0.2647,1]},
{"frame":58,"values":[-1,0,0,0,0,-0.6142,-0.7892,0,0,0.7892,-0.6142,0,-0.06,0.0529,0.2288,1]},
{"frame":59,"values":[-1,0,0,0,0,-0.5211,-0.8535,0,0,0.8536,-0.521,0,-0.059,0.0499,0.19,1]},
{"frame":60,"values":[-1,0,0,0,0,-0.4058,-0.914,0,0,0.914,-0.4058,0,-0.0562,0.0444,0.1473,1]},
{"frame":61,"values":[-1,0,0,0,0,-0.2902,-0.957,0,0,0.957,-0.2902,0,-0.0525,0.038,0.1083,1]},
{"frame":62,"values":[-1,0,0,0,0,-0.1964,-0.9805,0,0,0.9806,-0.1964,0,-0.0494,0.0327,0.0787,1]},
{"frame":63,"values":[-1,0,0,0,0,-0.119,-0.9929,0,0,0.9929,-0.119,0,-0.0464,0.0275,0.0576,1]},
{"frame":64,"values":[-1,0,0,0,0,-0.0647,-0.9979,0,0,0.9979,-0.0647,0,-0.0435,0.0226,0.0465,1]},
{"frame":65,"values":[-1,0,0,0,0,-0.0487,-0.9988,0,0,0.9989,-0.0487,0,-0.0424,0.0208,0.0441,1]}],"loopBehavior":1,"name":"anim","property":"_matrix"}},
{"name":"spine.tail.pointer","index":1,"matrix":[1,0,0,0,0,0,1,0,0,1,0,0,0,0.1437,0.5692,1],"rest":[1,0,0,0,0,0,1,0,0,1,0,0,0,0.0933,0.5146,1],"parentBoneIndex":-1,"length":0.1
,"animation":{"dataType":3,"framePerSecond":24,"keys":[
{"frame":0,"values":[1,0,0,0,0,0,1,0,0,1,0,0,0,0.1437,0.5692,1]},
{"frame":1,"values":[1,0,0,0,0,0,1,0,0,1,0,0,0,0.1437,0.5692,1]},
{"frame":10,"values":[1,0,0,0,0,0,1,0,0,1,0,0,0,0.0933,0.5146,1]},
{"frame":11,"values":[1,0,0,0,0,0,1,0,0,1,0,0,0,0.1005,0.5197,1]},
{"frame":12,"values":[1,0,0,0,0,0,1,0,0,1,0,0,0,0.1195,0.533,1]},
{"frame":13,"values":[1,0,0,0,0,0,1,0,0,1,0,0,0,0.1385,0.5464,1]},
{"frame":14,"values":[1,0,0,0,0,0,1,0,0,1,0,0,0,0.1457,0.5515,1]},
{"frame":20,"values":[1,0,0,0,0,0,1,0,0,1,0,0,0,0.0933,0.5146,1]},
{"frame":21,"values":[1,0,0,0,0,0,1,0,0,1,0,0,0,0.0933,0.5146,1]},
{"frame":30,"values":[1,0,0,0,0,0,1,0,0,1,0,0,0,0.1502,0.5811,1]},
{"frame":31,"values":[1,0,0,0,0,0,1,0,0,1,0,0,0,0.1482,0.5847,1]},
{"frame":32,"values":[1,0,0,0,0,0,1,0,0,1,0,0,0,0.1423,0.594,1]},
{"frame":33,"values":[1,0,0,0,0,0,1,0,0,1,0,0,0,0.1352,0.6033,1]},
{"frame":34,"values":[1,0,0,0,0,0,1,0,0,1,0,0,0,0.13,0.6069,1]},
{"frame":35,"values":[1,0,0,0,0,0,1,0,0,1,0,0,0,0.126,0.6051,1]},
{"frame":36,"values":[1,0,0,0,0,0,1,0,0,1,0,0,0,0.1225,0.6003,1]},
{"frame":37,"values":[1,0,0,0,0,0,1,0,0,1,0,0,0,0.1202,0.5946,1]},
{"frame":38,"values":[1,0,0,0,0,0,1,0,0,1,0,0,0,0.1195,0.591,1]},
{"frame":39,"values":[1,0,0,0,0,0,1,0,0,1,0,0,0,0.1196,0.589,1]},
{"frame":40,"values":[1,0,0,0,0,0,1,0,0,1,0,0,0,0.1203,0.5879,1]},
{"frame":41,"values":[1,0,0,0,0,0,1,0,0,1,0,0,0,0.1225,0.5875,1]},
{"frame":42,"values":[1,0,0,0,0,0,1,0,0,1,0,0,0,0.1262,0.5874,1]},
{"frame":43,"values":[1,0,0,0,0,0,1,0,0,1,0,0,0,0.1331,0.588,1]},
{"frame":44,"values":[1,0,0,0,0,0,1,0,0,1,0,0,0,0.1435,0.5901,1]},
{"frame":45,"values":[1,0,0,0,0,0,1,0,0,1,0,0,0,0.1525,0.5934,1]},
{"frame":46,"values":[1,0,0,0,0,0,1,0,0,1,0,0,0,0.1557,0.5972,1]},
{"frame":47,"values":[1,0,0,0,0,0,1,0,0,1,0,0,0,0.1557,0.6026,1]},
{"frame":48,"values":[1,0,0,0,0,0,1,0,0,1,0,0,0,0.1554,0.6099,1]},
{"frame":49,"values":[1,0,0,0,0,0,1,0,0,1,0,0,0,0.1545,0.6159,1]},
{"frame":50,"values":[1,0,0,0,0,0,1,0,0,1,0,0,0,0.153,0.6181,1]},
{"frame":51,"values":[1,0,0,0,0,0,1,0,0,1,0,0,0,0.1491,0.6158,1]},
{"frame":52,"values":[1,0,0,0,0,0,1,0,0,1,0,0,0,0.1421,0.6091,1]},
{"frame":53,"values":[1,0,0,0,0,0,1,0,0,1,0,0,0,0.1357,0.6002,1]},
{"frame":54,"values":[1,0,0,0,0,0,1,0,0,1,0,0,0,0.1333,0.5925,1]},
{"frame":55,"values":[1,0,0,0,0,0,1,0,0,1,0,0,0,0.1333,0.5847,1]},
{"frame":56,"values":[1,0,0,0,0,0,1,0,0,1,0,0,0,0.1333,0.5756,1]},
{"frame":57,"values":[1,0,0,0,0,0,1,0,0,1,0,0,0,0.1333,0.5686,1]},
{"frame":58,"values":[1,0,0,0,0,0,1,0,0,1,0,0,0,0.1333,0.5663,1]},
{"frame":59,"values":[1,0,0,0,0,0,1,0,0,1,0,0,0,0.1346,0.5666,1]},
{"frame":60,"values":[1,0,0,0,0,0,1,0,0,1,0,0,0,0.1384,0.5676,1]},
{"frame":61,"values":[1,0,0,0,0,0,1,0,0,1,0,0,0,0.1437,0.5692,1]},
{"frame":62,"values":[1,0,0,0,0,0,1,0,0,1,0,0,0,0.1487,0.5708,1]},
{"frame":63,"values":[1,0,0,0,0,0,1,0,0,1,0,0,0,0.1547,0.5732,1]},
{"frame":64,"values":[1,0,0,0,0,0,1,0,0,1,0,0,0,0.1614,0.5761,1]},
{"frame":65,"values":[1,0,0,0,0,0,1,0,0,1,0,0,0,0.164,0.5772,1]}],"loopBehavior":1,"name":"anim","property":"_matrix"}},
{"name":"spine.lower","index":2,"matrix":[1,0,0,0,0,0.0995,-0.995,0,0,-0.995,-0.0995,0,0,0.4038,0.2544,1],"rest":[1,0,0,0,0,0.0995,-0.995,0,0,-0.995,-0.0995,0,0,0.4233,0.2246,1],"parentBoneIndex":-1,"length":0.201
,"animation":{"dataType":3,"framePerSecond":24,"keys":[
{"frame":0,"values":[1,0,0,0,0,0.0995,-0.995,0,0,-0.995,-0.0995,0,0,0.4038,0.2544,1]},
{"frame":1,"values":[1,0,0,0,0,0.0995,-0.995,0,0,-0.995,-0.0995,0,0,0.4038,0.2544,1]},
{"frame":10,"values":[1,0,0,0,0,0.0995,-0.995,0,0,-0.995,-0.0995,0,0,0.4233,0.2246,1]},
{"frame":11,"values":[1,0,0,0,0,0.0995,-0.995,0,0,-0.995,-0.0995,0,-0.0013,0.4103,0.2404,1]},
{"frame":12,"values":[1,0,0,0,0,0.0995,-0.995,0,0,-0.995,-0.0995,0,-0.0047,0.3762,0.2817,1]},
{"frame":13,"values":[1,0,0,0,0,0.0995,-0.995,0,0,-0.995,-0.0995,0,-0.0081,0.3422,0.323,1]},
{"frame":14,"values":[1,0,0,0,0,0.0995,-0.995,0,0,-0.995,-0.0995,0,-0.0094,0.3292,0.3388,1]},
{"frame":20,"values":[1,0,0,0,0,0.0995,-0.995,0,0,-0.995,-0.0995,0,0,0.4233,0.2246,1]},
{"frame":21,"values":[1,0,0,0,0,0.0995,-0.995,0,0,-0.995,-0.0995,0,0,0.4233,0.2246,1]},
{"frame":30,"values":[1,0,0,0,0,0.0995,-0.995,0,0,-0.995,-0.0995,0,0,0.4012,0.2544,1]},
{"frame":31,"values":[1,0,0,0,0,0.0995,-0.995,0,0,-0.995,-0.0995,0,0,0.4001,0.2544,1]},
{"frame":32,"values":[1,0,0,0,0,0.0995,-0.995,0,0,-0.995,-0.0995,0,0,0.3971,0.2544,1]},
{"frame":33,"values":[1,0,0,0,0,0.0995,-0.995,0,0,-0.995,-0.0995,0,0,0.3942,0.2544,1]},
{"frame":34,"values":[1,0,0,0,0,0.0995,-0.995,0,0,-0.995,-0.0995,0,0,0.393,0.2544,1]},
{"frame":35,"values":[1,0,0,0,0,0.0995,-0.995,0,0,-0.995,-0.0995,0,0,0.3932,0.2544,1]},
{"frame":36,"values":[1,0,0,0,0,0.0995,-0.995,0,0,-0.995,-0.0995,0,0,0.3936,0.2544,1]},
{"frame":37,"values":[1,0,0,0,0,0.0995,-0.995,0,0,-0.995,-0.0995,0,0,0.3945,0.2544,1]},
{"frame":38,"values":[1,0,0,0,0,0.0995,-0.995,0,0,-0.995,-0.0995,0,0,0.3958,0.2544,1]},
{"frame":39,"values":[1,0,0,0,0,0.0995,-0.995,0,0,-0.995,-0.0995,0,0,0.3975,0.2544,1]},
{"frame":40,"values":[1,0,0,0,0,0.0995,-0.995,0,0,-0.995,-0.0995,0,0,0.3999,0.2544,1]},
{"frame":41,"values":[1,0,0,0,0,0.0995,-0.995,0,0,-0.995,-0.0995,0,0,0.4022,0.2544,1]},
{"frame":42,"values":[1,0,0,0,0,0.0995,-0.995,0,0,-0.995,-0.0995,0,0,0.404,0.2544,1]},
{"frame":43,"values":[1,0,0,0,0,0.0995,-0.995,0,0,-0.995,-0.0995,0,0,0.4052,0.2544,1]},
{"frame":44,"values":[1,0,0,0,0,0.0995,-0.995,0,0,-0.995,-0.0995,0,0,0.4061,0.2544,1]},
{"frame":45,"values":[1,0,0,0,0,0.0995,-0.995,0,0,-0.995,-0.0995,0,0,0.4066,0.2544,1]},
{"frame":46,"values":[1,0,0,0,0,0.0995,-0.995,0,0,-0.995,-0.0995,0,0,0.4067,0.2544,1]},
{"frame":47,"values":[1,0,0,0,0,0.0995,-0.995,0,0,-0.995,-0.0995,0,0,0.4055,0.2544,1]},
{"frame":48,"values":[1,0,0,0,0,0.0995,-0.995,0,0,-0.995,-0.0995,0,0,0.4024,0.2544,1]},
{"frame":49,"values":[1,0,0,0,0,0.0995,-0.995,0,0,-0.995,-0.0995,0,0,0.399,0.2544,1]},
{"frame":50,"values":[1,0,0,0,0,0.0995,-0.995,0,0,-0.995,-0.0995,0,0,0.3971,0.2544,1]},
{"frame":51,"values":[1,0,0,0,0,0.0995,-0.995,0,0,-0.995,-0.0995,0,0,0.3964,0.2544,1]},
{"frame":52,"values":[1,0,0,0,0,0.0995,-0.995,0,0,-0.995,-0.0995,0,0,0.3959,0.2544,1]},
{"frame":53,"values":[1,0,0,0,0,0.0995,-0.995,0,0,-0.995,-0.0995,0,0,0.3958,0.2544,1]},
{"frame":55,"values":[1,0,0,0,0,0.0995,-0.995,0,0,-0.995,-0.0995,0,0,0.3963,0.2544,1]},
{"frame":56,"values":[1,0,0,0,0,0.0995,-0.995,0,0,-0.995,-0.0995,0,0,0.3979,0.2544,1]},
{"frame":57,"values":[1,0,0,0,0,0.0995,-0.995,0,0,-0.995,-0.0995,0,0,0.3998,0.2544,1]},
{"frame":58,"values":[1,0,0,0,0,0.0995,-0.995,0,0,-0.995,-0.0995,0,0,0.4012,0.2544,1]},
{"frame":59,"values":[1,0,0,0,0,0.0995,-0.995,0,0,-0.995,-0.0995,0,0,0.4023,0.2544,1]},
{"frame":60,"values":[1,0,0,0,0,0.0995,-0.995,0,0,-0.995,-0.0995,0,0,0.4032,0.2544,1]},
{"frame":61,"values":[1,0,0,0,0,0.0995,-0.995,0,0,-0.995,-0.0995,0,0,0.4038,0.2544,1]},
{"frame":62,"values":[1,0,0,0,0,0.0995,-0.995,0,0,-0.995,-0.0995,0,0,0.404,0.2544,1]},
{"frame":63,"values":[1,0,0,0,0,0.0995,-0.995,0,0,-0.995,-0.0995,0,0,0.4026,0.2544,1]},
{"frame":64,"values":[1,0,0,0,0,0.0995,-0.995,0,0,-0.995,-0.0995,0,0,0.3998,0.2544,1]},
{"frame":65,"values":[1,0,0,0,0,0.0995,-0.995,0,0,-0.995,-0.0995,0,0,0.3985,0.2544,1]}],"loopBehavior":1,"name":"anim","property":"_matrix"}},
{"name":"spine.point","index":3,"matrix":[1,0,0,0,0,0.995,0.0995,0,0,-0.0995,0.995,0,0,0.7531,0.0875,1],"rest":[1,0,0,0,0,0.995,0.0995,0,0,-0.0995,0.9951,0,0,0.8488,0.0547,1],"parentBoneIndex":2,"length":0.2
,"animation":{"dataType":3,"framePerSecond":24,"keys":[
{"frame":0,"values":[1,0,0,0,0,0.995,0.0995,0,0,-0.0995,0.995,0,0,0.7531,0.0875,1]},
{"frame":1,"values":[1,0,0,0,0,0.995,0.0995,0,0,-0.0995,0.995,0,0,0.7531,0.0875,1]},
{"frame":10,"values":[1,0,0,0,0,0.995,0.0995,0,0,-0.0995,0.995,0,0,0.8488,0.0547,1]},
{"frame":14,"values":[1,0,0,0,0,0.995,0.0995,0,0,-0.0995,0.995,0,0,0.8488,0.0547,1]},
{"frame":20,"values":[1,0,0,0,0,0.995,0.0995,0,0,-0.0995,0.995,0,0,0.8488,0.0547,1]},
{"frame":21,"values":[1,0,0,0,0,0.995,0.0995,0,0,-0.0995,0.995,0,0,0.8488,0.0547,1]},
{"frame":30,"values":[1,0,0,0,0,0.995,0.0995,0,0,-0.0995,0.995,0,0,0.7671,0.1055,1]},
{"frame":31,"values":[1,0,0,0,0,0.995,0.0995,0,0,-0.0995,0.995,0,0,0.767,0.107,1]},
{"frame":32,"values":[1,0,0,0,0,0.995,0.0995,0,0,-0.0995,0.995,0,0,0.7665,0.1112,1]},
{"frame":33,"values":[1,0,0,0,0,0.995,0.0995,0,0,-0.0995,0.995,0,0,0.7658,0.1153,1]},
{"frame":34,"values":[1,0,0,0,0,0.995,0.0995,0,0,-0.0995,0.995,0,0,0.7653,0.1168,1]},
{"frame":35,"values":[1,0,0,0,0,0.995,0.0995,0,0,-0.0995,0.995,0,0,0.7649,0.1154,1]},
{"frame":36,"values":[1,0,0,0,0,0.995,0.0995,0,0,-0.0995,0.995,0,0,0.7645,0.112,1]},
{"frame":37,"values":[1,0,0,0,0,0.995,0.0995,0,0,-0.0995,0.995,0,0,0.764,0.1085,1]},
{"frame":38,"values":[1,0,0,0,0,0.995,0.0995,0,0,-0.0995,0.995,0,0,0.7633,0.1071,1]},
{"frame":39,"values":[1,0,0,0,0,0.995,0.0995,0,0,-0.0995,0.995,0,0,0.7621,0.1076,1]},
{"frame":40,"values":[1,0,0,0,0,0.995,0.0995,0,0,-0.0995,0.995,0,0,0.7606,0.1096,1]},
{"frame":41,"values":[1,0,0,0,0,0.995,0.0995,0,0,-0.0995,0.995,0,0,0.7593,0.1125,1]},
{"frame":42,"values":[1,0,0,0,0,0.995,0.0995,0,0,-0.0995,0.995,0,0,0.7587,0.1155,1]},
{"frame":43,"values":[1,0,0,0,0,0.995,0.0995,0,0,-0.0995,0.995,0,0,0.7583,0.1192,1]},
{"frame":44,"values":[1,0,0,0,0,0.995,0.0995,0,0,-0.0995,0.995,0,0,0.7578,0.124,1]},
{"frame":45,"values":[1,0,0,0,0,0.995,0.0995,0,0,-0.0995,0.995,0,0,0.7574,0.1279,1]},
{"frame":46,"values":[1,0,0,0,0,0.995,0.0995,0,0,-0.0995,0.995,0,0,0.7573,0.1293,1]},
{"frame":47,"values":[1,0,0,0,0,0.995,0.0995,0,0,-0.0995,0.995,0,0,0.7575,0.1281,1]},
{"frame":48,"values":[1,0,0,0,0,0.995,0.0995,0,0,-0.0995,0.995,0,0,0.7581,0.1244,1]},
{"frame":49,"values":[1,0,0,0,0,0.995,0.0995,0,0,-0.0995,0.995,0,0,0.7594,0.1186,1]},
{"frame":50,"values":[1,0,0,0,0,0.995,0.0995,0,0,-0.0995,0.995,0,0,0.7612,0.1122,1]},
{"frame":51,"values":[1,0,0,0,0,0.995,0.0995,0,0,-0.0995,0.995,0,0,0.7643,0.1048,1]},
{"frame":52,"values":[1,0,0,0,0,0.995,0.0995,0,0,-0.0995,0.995,0,0,0.769,0.0956,1]},
{"frame":53,"values":[1,0,0,0,0,0.995,0.0995,0,0,-0.0995,0.995,0,0,0.7732,0.0866,1]},
{"frame":54,"values":[1,0,0,0,0,0.995,0.0995,0,0,-0.0995,0.995,0,0,0.775,0.0799,1]},
{"frame":55,"values":[1,0,0,0,0,0.995,0.0995,0,0,-0.0995,0.995,0,0,0.7749,0.0751,1]},
{"frame":56,"values":[1,0,0,0,0,0.995,0.0995,0,0,-0.0995,0.995,0,0,0.7732,0.0717,1]},
{"frame":57,"values":[1,0,0,0,0,0.995,0.0995,0,0,-0.0995,0.995,0,0,0.7704,0.07,1]},
{"frame":58,"values":[1,0,0,0,0,0.995,0.0995,0,0,-0.0995,0.995,0,0,0.7672,0.0695,1]},
{"frame":59,"values":[1,0,0,0,0,0.995,0.0995,0,0,-0.0995,0.995,0,0,0.7634,0.0717,1]},
{"frame":60,"values":[1,0,0,0,0,0.995,0.0995,0,0,-0.0995,0.995,0,0,0.7583,0.0787,1]},
{"frame":61,"values":[1,0,0,0,0,0.995,0.0995,0,0,-0.0995,0.995,0,0,0.7531,0.0875,1]},
{"frame":62,"values":[1,0,0,0,0,0.995,0.0995,0,0,-0.0995,0.995,0,0,0.7488,0.0944,1]},
{"frame":63,"values":[1,0,0,0,0,0.995,0.0995,0,0,-0.0995,0.995,0,0,0.7452,0.1001,1]},
{"frame":64,"values":[1,0,0,0,0,0.995,0.0995,0,0,-0.0995,0.995,0,0,0.7423,0.1051,1]},
{"frame":65,"values":[1,0,0,0,0,0.995,0.0995,0,0,-0.0995,0.995,0,0,0.7413,0.1068,1]}],"loopBehavior":1,"name":"anim","property":"_matrix"}},
{"name":"spine.upper","index":4,"matrix":[1,0,0,0,0,0.9845,0.1752,0,0,-0.1752,0.9845,0,0,0.201,0,1],"rest":[1,0,0,0,0,0.995,0.0995,0,0,-0.0995,0.9951,0,0,0.201,0,1],"parentBoneIndex":2,"length":0.25
,"animation":{"dataType":3,"framePerSecond":24,"keys":[
{"frame":0,"values":[1,0,0,0,0,0.9845,0.1752,0,0,-0.1752,0.9845,0,0,0.201,0,1]},
{"frame":1,"values":[1,0,0,0,0,0.9845,0.1752,0,0,-0.1752,0.9845,0,0,0.201,0,1]},
{"frame":10,"values":[1,0,0,0,0,0.9952,0.098,0,0,-0.098,0.9952,0,0,0.201,0,1]},
{"frame":14,"values":[1,0,0,0,0,0.9952,0.098,0,0,-0.098,0.9952,0,0,0.201,0,1]},
{"frame":20,"values":[1,0,0,0,0,0.9952,0.098,0,0,-0.098,0.9952,0,0,0.201,0,1]},
{"frame":21,"values":[1,0,0,0,0,0.9952,0.098,0,0,-0.098,0.9952,0,0,0.201,0,1]},
{"frame":30,"values":[1,0,0,0,0,0.9841,0.1779,0,0,-0.1779,0.9841,0,0,0.201,0,1]},
{"frame":31,"values":[1,0,0,0,0,0.984,0.1781,0,0,-0.1781,0.984,0,0,0.201,0,1]},
{"frame":32,"values":[1,0,0,0,0,0.9839,0.1788,0,0,-0.1788,0.9839,0,0,0.201,0,1]},
{"frame":33,"values":[1,0,0,0,0,0.9837,0.1795,0,0,-0.1795,0.9837,0,0,0.201,0,1]},
{"frame":34,"values":[1,0,0,0,0,0.9837,0.1798,0,0,-0.1798,0.9837,0,0,0.201,0,1]},
{"frame":35,"values":[1,0,0,0,0,0.9837,0.1796,0,0,-0.1796,0.9837,0,0,0.201,0,1]},
{"frame":36,"values":[1,0,0,0,0,0.9838,0.179,0,0,-0.179,0.9838,0,0,0.201,0,1]},
{"frame":37,"values":[1,0,0,0,0,0.9839,0.1785,0,0,-0.1785,0.9839,0,0,0.201,0,1]},
{"frame":38,"values":[1,0,0,0,0,0.984,0.1783,0,0,-0.1783,0.984,0,0,0.201,0,1]},
{"frame":39,"values":[1,0,0,0,0,0.984,0.1784,0,0,-0.1784,0.984,0,0,0.201,0,1]},
{"frame":40,"values":[1,0,0,0,0,0.9839,0.1788,0,0,-0.1788,0.9839,0,0,0.201,0,1]},
{"frame":41,"values":[1,0,0,0,0,0.9838,0.1793,0,0,-0.1793,0.9838,0,0,0.201,0,1]},
{"frame":42,"values":[1,0,0,0,0,0.9837,0.1798,0,0,-0.1798,0.9837,0,0,0.201,0,1]},
{"frame":43,"values":[1,0,0,0,0,0.9836,0.1805,0,0,-0.1805,0.9836,0,0,0.201,0,1]},
{"frame":44,"values":[1,0,0,0,0,0.9834,0.1813,0,0,-0.1813,0.9834,0,0,0.201,0,1]},
{"frame":45,"values":[1,0,0,0,0,0.9833,0.182,0,0,-0.182,0.9833,0,0,0.201,0,1]},
{"frame":46,"values":[1,0,0,0,0,0.9833,0.1822,0,0,-0.1822,0.9833,0,0,0.201,0,1]},
{"frame":47,"values":[1,0,0,0,0,0.9833,0.182,0,0,-0.182,0.9833,0,0,0.201,0,1]},
{"frame":48,"values":[1,0,0,0,0,0.9834,0.1814,0,0,-0.1814,0.9834,0,0,0.201,0,1]},
{"frame":49,"values":[1,0,0,0,0,0.9836,0.1803,0,0,-0.1803,0.9836,0,0,0.201,0,1]},
{"frame":50,"values":[1,0,0,0,0,0.9838,0.1792,0,0,-0.1792,0.9838,0,0,0.201,0,1]},
{"frame":51,"values":[1,0,0,0,0,0.9841,0.1778,0,0,-0.1778,0.9841,0,0,0.201,0,1]},
{"frame":52,"values":[1,0,0,0,0,0.9844,0.1762,0,0,-0.1762,0.9844,0,0,0.201,0,1]},
{"frame":53,"values":[1,0,0,0,0,0.9846,0.1745,0,0,-0.1745,0.9846,0,0,0.201,0,1]},
{"frame":54,"values":[1,0,0,0,0,0.9849,0.1734,0,0,-0.1734,0.9849,0,0,0.201,0,1]},
{"frame":55,"values":[1,0,0,0,0,0.985,0.1725,0,0,-0.1725,0.985,0,0,0.201,0,1]},
{"frame":56,"values":[1,0,0,0,0,0.9851,0.172,0,0,-0.172,0.9851,0,0,0.201,0,1]},
{"frame":57,"values":[1,0,0,0,0,0.9851,0.1718,0,0,-0.1718,0.9851,0,0,0.201,0,1]},
{"frame":58,"values":[1,0,0,0,0,0.9851,0.1717,0,0,-0.1717,0.9851,0,0,0.201,0,1]},
{"frame":59,"values":[1,0,0,0,0,0.9851,0.1722,0,0,-0.1722,0.9851,0,0,0.201,0,1]},
{"frame":60,"values":[1,0,0,0,0,0.9848,0.1735,0,0,-0.1735,0.9848,0,0,0.201,0,1]},
{"frame":61,"values":[1,0,0,0,0,0.9845,0.1752,0,0,-0.1752,0.9845,0,0,0.201,0,1]},
{"frame":62,"values":[1,0,0,0,0,0.9843,0.1765,0,0,-0.1765,0.9843,0,0,0.201,0,1]},
{"frame":63,"values":[1,0,0,0,0,0.9841,0.1776,0,0,-0.1776,0.9841,0,0,0.201,0,1]},
{"frame":64,"values":[1,0,0,0,0,0.9839,0.1786,0,0,-0.1786,0.9839,0,0,0.201,0,1]},
{"frame":65,"values":[1,0,0,0,0,0.9838,0.1789,0,0,-0.1789,0.9838,0,0,0.201,0,1]}],"loopBehavior":1,"name":"anim","property":"_matrix"}},
{"name":"spine.neck","index":5,"matrix":[1,0,0,0,0,0.9999,-0.0171,0,0,0.0171,0.9999,0,0,0.25,0,1],"rest":[1,0,0,0,0,1,0,0,0,0,1,0,0,0.25,0,1],"parentBoneIndex":4,"length":0.08
,"animation":{"dataType":3,"framePerSecond":24,"keys":[
{"frame":0,"values":[1,0,0,0,0,0.9999,-0.0171,0,0,0.0171,0.9999,0,0,0.25,0,1]},
{"frame":1,"values":[1,0,0,0,0,0.9999,-0.0171,0,0,0.0171,0.9999,0,0,0.25,0,1]},
{"frame":10,"values":[1,0,0,0,0,0.9999,-0.0112,0,0,0.0112,0.9999,0,0,0.25,0,1]},
{"frame":14,"values":[1,0,0,0,0,0.9999,-0.0112,0,0,0.0112,0.9999,0,0,0.25,0,1]},
{"frame":20,"values":[1,0,0,0,0,0.9999,-0.0112,0,0,0.0112,0.9999,0,0,0.25,0,1]},
{"frame":21,"values":[1,0,0,0,0,0.9999,-0.0112,0,0,0.0112,0.9999,0,0,0.25,0,1]},
{"frame":30,"values":[1,0,0,0,0,1,0.0047,0,0,-0.0047,1,0,0,0.25,0,1]},
{"frame":31,"values":[1,0,0,0,0,1,0.0069,0,0,-0.0069,1,0,0,0.25,0,1]},
{"frame":32,"values":[1,0,0,0,0,0.9998,0.0126,0,0,-0.0126,0.9998,0,0,0.25,0,1]},
{"frame":33,"values":[1,0,0,0,0,0.9998,0.0183,0,0,-0.0183,0.9998,0,0,0.25,0,1]},
{"frame":34,"values":[1,0,0,0,0,0.9998,0.0206,0,0,-0.0206,0.9998,0,0,0.25,0,1]},
{"frame":35,"values":[1,0,0,0,0,0.9998,0.0189,0,0,-0.0189,0.9998,0,0,0.25,0,1]},
{"frame":36,"values":[1,0,0,0,0,0.9999,0.0143,0,0,-0.0143,0.9999,0,0,0.25,0,1]},
{"frame":37,"values":[1,0,0,0,0,0.9999,0.0097,0,0,-0.0097,0.9999,0,0,0.25,0,1]},
{"frame":38,"values":[1,0,0,0,0,0.9999,0.008,0,0,-0.008,0.9999,0,0,0.25,0,1]},
{"frame":39,"values":[1,0,0,0,0,0.9999,0.009,0,0,-0.009,0.9999,0,0,0.25,0,1]},
{"frame":40,"values":[1,0,0,0,0,0.9999,0.0121,0,0,-0.0121,0.9999,0,0,0.25,0,1]},
{"frame":41,"values":[1,0,0,0,0,0.9999,0.0165,0,0,-0.0165,0.9999,0,0,0.25,0,1]},
{"frame":42,"values":[1,0,0,0,0,0.9998,0.0208,0,0,-0.0208,0.9998,0,0,0.25,0,1]},
{"frame":43,"values":[1,0,0,0,0,0.9997,0.026,0,0,-0.026,0.9997,0,0,0.25,0,1]},
{"frame":44,"values":[1,0,0,0,0,0.9995,0.0328,0,0,-0.0328,0.9995,0,0,0.25,0,1]},
{"frame":45,"values":[1,0,0,0,0,0.9993,0.0382,0,0,-0.0382,0.9993,0,0,0.25,0,1]},
{"frame":46,"values":[1,0,0,0,0,0.9992,0.0401,0,0,-0.0401,0.9992,0,0,0.25,0,1]},
{"frame":47,"values":[1,0,0,0,0,0.9993,0.0385,0,0,-0.0385,0.9993,0,0,0.25,0,1]},
{"frame":48,"values":[1,0,0,0,0,0.9994,0.0332,0,0,-0.0332,0.9994,0,0,0.25,0,1]},
{"frame":49,"values":[1,0,0,0,0,0.9997,0.0248,0,0,-0.0248,0.9997,0,0,0.25,0,1]},
{"frame":50,"values":[1,0,0,0,0,0.9999,0.0156,0,0,-0.0156,0.9999,0,0,0.25,0,1]},
{"frame":51,"values":[1,0,0,0,0,1,0.0046,0,0,-0.0046,1,0,0,0.25,0,1]},
{"frame":52,"values":[1,0,0,0,0,0.9999,-0.0091,0,0,0.0091,0.9999,0,0,0.25,0,1]},
{"frame":53,"values":[1,0,0,0,0,0.9998,-0.0221,0,0,0.0221,0.9998,0,0,0.25,0,1]},
{"frame":54,"values":[1,0,0,0,0,0.9995,-0.0315,0,0,0.0315,0.9995,0,0,0.25,0,1]},
{"frame":55,"values":[1,0,0,0,0,0.9993,-0.0381,0,0,0.0381,0.9993,0,0,0.25,0,1]},
{"frame":56,"values":[1,0,0,0,0,0.9991,-0.0425,0,0,0.0425,0.9991,0,0,0.25,0,1]},
{"frame":57,"values":[1,0,0,0,0,0.999,-0.0445,0,0,0.0445,0.999,0,0,0.25,0,1]},
{"frame":58,"values":[1,0,0,0,0,0.999,-0.0449,0,0,0.0449,0.999,0,0,0.25,0,1]},
{"frame":59,"values":[1,0,0,0,0,0.9991,-0.0414,0,0,0.0414,0.9991,0,0,0.25,0,1]},
{"frame":60,"values":[1,0,0,0,0,0.9995,-0.0307,0,0,0.0307,0.9995,0,0,0.25,0,1]},
{"frame":61,"values":[1,0,0,0,0,0.9999,-0.0171,0,0,0.0171,0.9999,0,0,0.25,0,1]},
{"frame":62,"values":[1,0,0,0,0,1,-0.0063,0,0,0.0063,1,0,0,0.25,0,1]},
{"frame":63,"values":[1,0,0,0,0,1,0.003,0,0,-0.003,1,0,0,0.25,0,1]},
{"frame":64,"values":[1,0,0,0,0,0.9999,0.0112,0,0,-0.0112,0.9999,0,0,0.25,0,1]},
{"frame":65,"values":[1,0,0,0,0,0.9998,0.014,0,0,-0.014,0.9998,0,0,0.25,0,1]}],"loopBehavior":1,"name":"anim","property":"_matrix"}},
{"name":"spine.head","index":6,"matrix":[1,0,0,0,0,0.9997,-0.0231,0,0,0.0231,0.9997,0,0,0.08,0,1],"rest":[1,0,0,0,0,0.9965,-0.083,0,0,0.083,0.9966,0,0,0.08,0,1],"parentBoneIndex":5,"length":0.1204
,"animation":{"dataType":3,"framePerSecond":24,"keys":[
{"frame":0,"values":[1,0,0,0,0,0.9997,-0.0231,0,0,0.0231,0.9997,0,0,0.08,0,1]},
{"frame":1,"values":[1,0,0,0,0,0.9997,-0.0231,0,0,0.0231,0.9997,0,0,0.08,0,1]},
{"frame":10,"values":[1,0,0,0,0,0.9999,-0.0141,0,0,0.0141,0.9999,0,0,0.08,0,1]},
{"frame":14,"values":[1,0,0,0,0,0.9999,-0.0141,0,0,0.0141,0.9999,0,0,0.08,0,1]},
{"frame":20,"values":[1,0,0,0,0,0.9999,-0.0141,0,0,0.0141,0.9999,0,0,0.08,0,1]},
{"frame":21,"values":[1,0,0,0,0,0.9999,-0.0141,0,0,0.0141,0.9999,0,0,0.08,0,1]},
{"frame":30,"values":[1,0,0,0,0,1,0.0063,0,0,-0.0063,1,0,0,0.08,0,1]},
{"frame":31,"values":[1,0,0,0,0,1,0.0092,0,0,-0.0092,1,0,0,0.08,0,1]},
{"frame":32,"values":[1,0,0,0,0,0.9999,0.0167,0,0,-0.0167,0.9999,0,0,0.08,0,1]},
{"frame":33,"values":[1,0,0,0,0,0.9997,0.0243,0,0,-0.0243,0.9997,0,0,0.08,0,1]},
{"frame":34,"values":[1,0,0,0,0,0.9996,0.0272,0,0,-0.0272,0.9996,0,0,0.08,0,1]},
{"frame":35,"values":[1,0,0,0,0,0.9997,0.025,0,0,-0.025,0.9997,0,0,0.08,0,1]},
{"frame":36,"values":[1,0,0,0,0,0.9998,0.0189,0,0,-0.0189,0.9998,0,0,0.08,0,1]},
{"frame":37,"values":[1,0,0,0,0,0.9999,0.0128,0,0,-0.0128,0.9999,0,0,0.08,0,1]},
{"frame":38,"values":[1,0,0,0,0,0.9999,0.0106,0,0,-0.0106,0.9999,0,0,0.08,0,1]},
{"frame":39,"values":[1,0,0,0,0,0.9999,0.012,0,0,-0.012,0.9999,0,0,0.08,0,1]},
{"frame":40,"values":[1,0,0,0,0,0.9999,0.0162,0,0,-0.0162,0.9999,0,0,0.08,0,1]},
{"frame":41,"values":[1,0,0,0,0,0.9998,0.022,0,0,-0.022,0.9998,0,0,0.08,0,1]},
{"frame":42,"values":[1,0,0,0,0,0.9996,0.0278,0,0,-0.0278,0.9996,0,0,0.08,0,1]},
{"frame":43,"values":[1,0,0,0,0,0.9994,0.0347,0,0,-0.0347,0.9994,0,0,0.08,0,1]},
{"frame":44,"values":[1,0,0,0,0,0.999,0.0437,0,0,-0.0437,0.999,0,0,0.08,0,1]},
{"frame":45,"values":[1,0,0,0,0,0.9987,0.0508,0,0,-0.0508,0.9987,0,0,0.08,0,1]},
{"frame":46,"values":[1,0,0,0,0,0.9986,0.0533,0,0,-0.0533,0.9986,0,0,0.08,0,1]},
{"frame":47,"values":[1,0,0,0,0,0.9987,0.0512,0,0,-0.0512,0.9987,0,0,0.08,0,1]},
{"frame":48,"values":[1,0,0,0,0,0.999,0.0442,0,0,-0.0442,0.999,0,0,0.08,0,1]},
{"frame":49,"values":[1,0,0,0,0,0.9995,0.0331,0,0,-0.0331,0.9995,0,0,0.08,0,1]},
{"frame":50,"values":[1,0,0,0,0,0.9998,0.0208,0,0,-0.0208,0.9998,0,0,0.08,0,1]},
{"frame":51,"values":[1,0,0,0,0,1,0.0062,0,0,-0.0062,1,0,0,0.08,0,1]},
{"frame":52,"values":[1,0,0,0,0,0.9999,-0.0121,0,0,0.0121,0.9999,0,0,0.08,0,1]},
{"frame":53,"values":[1,0,0,0,0,0.9996,-0.0292,0,0,0.0292,0.9996,0,0,0.08,0,1]},
{"frame":54,"values":[1,0,0,0,0,0.9991,-0.0416,0,0,0.0416,0.9991,0,0,0.08,0,1]},
{"frame":55,"values":[1,0,0,0,0,0.9987,-0.0503,0,0,0.0503,0.9987,0,0,0.08,0,1]},
{"frame":56,"values":[1,0,0,0,0,0.9984,-0.0562,0,0,0.0562,0.9984,0,0,0.08,0,1]},
{"frame":57,"values":[1,0,0,0,0,0.9983,-0.059,0,0,0.059,0.9983,0,0,0.08,0,1]},
{"frame":58,"values":[1,0,0,0,0,0.9982,-0.0598,0,0,0.0598,0.9982,0,0,0.08,0,1]},
{"frame":59,"values":[1,0,0,0,0,0.9985,-0.0553,0,0,0.0553,0.9985,0,0,0.08,0,1]},
{"frame":60,"values":[1,0,0,0,0,0.9991,-0.0413,0,0,0.0413,0.9991,0,0,0.08,0,1]},
{"frame":61,"values":[1,0,0,0,0,0.9997,-0.0231,0,0,0.0231,0.9997,0,0,0.08,0,1]},
{"frame":62,"values":[1,0,0,0,0,1,-0.0085,0,0,0.0085,1,0,0,0.08,0,1]},
{"frame":63,"values":[1,0,0,0,0,1,0.0041,0,0,-0.0041,1,0,0,0.08,0,1]},
{"frame":64,"values":[1,0,0,0,0,0.9999,0.0152,0,0,-0.0152,0.9999,0,0,0.08,0,1]},
{"frame":65,"values":[1,0,0,0,0,0.9998,0.0191,0,0,-0.0191,0.9998,0,0,0.08,0,1]}],"loopBehavior":1,"name":"anim","property":"_matrix"}},
{"name":"leg.rear.upper.r","index":7,"matrix":[0.9999,0,-0.0122,0,0.0095,0.6299,0.7766,0,0.0077,-0.7767,0.6299,0,-0.06,-0.0065,0.0106,1],"rest":[1,0,0,0,0,0.2811,0.9597,0,0,-0.9597,0.2811,0,-0.06,-0.0065,0.0106,1],"parentBoneIndex":2,"length":0.146
,"animation":{"dataType":3,"framePerSecond":24,"keys":[
{"frame":0,"values":[0.9999,0,-0.0122,0,0.0095,0.6299,0.7766,0,0.0077,-0.7767,0.6299,0,-0.06,-0.0065,0.0106,1]},
{"frame":1,"values":[0.9999,0,-0.0122,0,0.0095,0.6299,0.7766,0,0.0077,-0.7767,0.6299,0,-0.06,-0.0065,0.0106,1]},
{"frame":10,"values":[1,0,0,0,0,0.2811,0.9597,0,0,-0.9597,0.2811,0,-0.06,-0.0065,0.0106,1]},
{"frame":11,"values":[1,0.0001,-0.0022,0,0.002,0.3491,0.9371,0,0.0009,-0.9371,0.3491,0,-0.06,-0.0065,0.0106,1]},
{"frame":12,"values":[1,0.0006,-0.007,0,0.0059,0.481,0.8767,0,0.0039,-0.8767,0.481,0,-0.06,-0.0065,0.0106,1]},
{"frame":13,"values":[0.9999,0.001,-0.0121,0,0.0093,0.5794,0.815,0,0.0079,-0.815,0.5794,0,-0.06,-0.0065,0.0106,1]},
{"frame":14,"values":[0.9999,0.0011,-0.0144,0,0.0107,0.6128,0.7902,0,0.0097,-0.7902,0.6127,0,-0.06,-0.0065,0.0106,1]},
{"frame":20,"values":[1,0,0,0,0,0.2811,0.9597,0,0,-0.9597,0.2811,0,-0.06,-0.0065,0.0106,1]},
{"frame":21,"values":[1,0,0,0,0,0.2811,0.9597,0,0,-0.9597,0.2811,0,-0.06,-0.0065,0.0106,1]},
{"frame":30,"values":[0.9991,-0.0069,-0.0422,0,0.0389,0.5576,0.8292,0,0.0179,-0.8301,0.5573,0,-0.06,-0.0065,0.0106,1]},
{"frame":31,"values":[0.9991,-0.0062,-0.0415,0,0.0377,0.5694,0.8212,0,0.0185,-0.822,0.5692,0,-0.06,-0.0065,0.0106,1]},
{"frame":32,"values":[0.9992,-0.0044,-0.0395,0,0.0344,0.5941,0.8037,0,0.0199,-0.8044,0.5937,0,-0.06,-0.0065,0.0106,1]},
{"frame":33,"values":[0.9993,-0.0023,-0.0373,0,0.0309,0.6135,0.7891,0,0.0211,-0.7897,0.6132,0,-0.06,-0.0065,0.0106,1]},
{"frame":34,"values":[0.9994,-0.0008,-0.0358,0,0.0286,0.6207,0.7835,0,0.0216,-0.784,0.6204,0,-0.06,-0.0065,0.0106,1]},
{"frame":35,"values":[0.9994,0.0007,-0.0345,0,0.0268,0.6164,0.787,0,0.0218,-0.7874,0.616,0,-0.06,-0.0065,0.0106,1]},
{"frame":36,"values":[0.9994,0.0023,-0.0331,0,0.025,0.6023,0.7979,0,0.0218,-0.7983,0.6019,0,-0.06,-0.0065,0.0106,1]},
{"frame":37,"values":[0.9995,0.0037,-0.0317,0,0.0237,0.5768,0.8165,0,0.0213,-0.8169,0.5764,0,-0.06,-0.0065,0.0106,1]},
{"frame":38,"values":[0.9995,0.0045,-0.0309,0,0.0235,0.5439,0.8388,0,0.0206,-0.8391,0.5435,0,-0.06,-0.0065,0.0106,1]},
{"frame":39,"values":[0.9995,0.0047,-0.0302,0,0.0237,0.5029,0.864,0,0.0193,-0.8643,0.5025,0,-0.06,-0.0065,0.0106,1]},
{"frame":40,"values":[0.9995,0.0044,-0.0301,0,0.0248,0.4548,0.8903,0,0.0176,-0.8906,0.4544,0,-0.06,-0.0065,0.0106,1]},
{"frame":41,"values":[0.9995,0.0041,-0.0301,0,0.0259,0.4021,0.9152,0,0.0159,-0.9156,0.4018,0,-0.06,-0.0065,0.0106,1]},
{"frame":42,"values":[0.9995,0.0041,-0.0307,0,0.0273,0.3486,0.9369,0,0.0145,-0.9373,0.3483,0,-0.06,-0.0065,0.0106,1]},
{"frame":43,"values":[0.9995,0.0045,-0.032,0,0.0293,0.2957,0.9548,0,0.0137,-0.9553,0.2954,0,-0.06,-0.0065,0.0106,1]},
{"frame":44,"values":[0.9994,0.0052,-0.0342,0,0.0319,0.2456,0.9688,0,0.0134,-0.9694,0.2453,0,-0.06,-0.0065,0.0106,1]},
{"frame":45,"values":[0.9993,0.0059,-0.0367,0,0.0348,0.1977,0.9797,0,0.0131,-0.9803,0.1973,0,-0.06,-0.0065,0.0106,1]},
{"frame":46,"values":[0.9992,0.0066,-0.0383,0,0.0368,0.1504,0.9879,0,0.0122,-0.9886,0.15,0,-0.06,-0.0065,0.0106,1]},
{"frame":47,"values":[0.9993,0.0067,-0.0368,0,0.0359,0.102,0.9941,0,0.0104,-0.9948,0.1016,0,-0.06,-0.0065,0.0106,1]},
{"frame":48,"values":[0.9995,0.006,-0.0304,0,0.03,0.0582,0.9978,0,0.0078,-0.9983,0.058,0,-0.06,-0.0065,0.0106,1]},
{"frame":49,"values":[0.9997,0.0046,-0.0223,0,0.0222,0.0302,0.9993,0,0.0053,-0.9995,0.0301,0,-0.06,-0.0065,0.0106,1]},
{"frame":50,"values":[0.9999,0.0034,-0.0164,0,0.0163,0.0242,0.9996,0,0.0038,-0.9997,0.0241,0,-0.06,-0.0065,0.0106,1]},
{"frame":51,"values":[0.9999,0.0029,-0.0138,0,0.0137,0.0306,0.9994,0,0.0033,-0.9995,0.0305,0,-0.06,-0.0065,0.0106,1]},
{"frame":52,"values":[0.9999,0.0023,-0.0113,0,0.0111,0.0513,0.9986,0,0.0029,-0.9987,0.0512,0,-0.06,-0.0065,0.0106,1]},
{"frame":53,"values":[1,0.0008,-0.0044,0,0.0043,0.1013,0.9948,0,0.0013,-0.9949,0.1013,0,-0.06,-0.0065,0.0106,1]},
{"frame":54,"values":[1,0,0,0,0,0.18,0.9837,0,0,-0.9837,0.18,0,-0.06,-0.0065,0.0106,1]},
{"frame":55,"values":[1,0,0,0,0,0.2593,0.9658,0,0,-0.9658,0.2593,0,-0.06,-0.0065,0.0106,1]},
{"frame":56,"values":[1,0,0,0,0,0.3429,0.9394,0,0,-0.9394,0.3429,0,-0.06,-0.0065,0.0106,1]},
{"frame":57,"values":[1,0,0,0,0,0.4212,0.907,0,0,-0.907,0.4212,0,-0.06,-0.0065,0.0106,1]},
{"frame":58,"values":[1,0,0,0,0,0.4916,0.8708,0,0,-0.8708,0.4916,0,-0.06,-0.0065,0.0106,1]},
{"frame":59,"values":[1,0.0002,-0.0013,0,0.001,0.5549,0.8319,0,0.0009,-0.8319,0.5549,0,-0.06,-0.0065,0.0106,1]},
{"frame":60,"values":[1,0.0005,-0.0056,0,0.0042,0.6048,0.7963,0,0.0038,-0.7964,0.6048,0,-0.06,-0.0065,0.0106,1]},
{"frame":61,"values":[0.9999,0,-0.0122,0,0.0095,0.6299,0.7766,0,0.0077,-0.7767,0.6299,0,-0.06,-0.0065,0.0106,1]},
{"frame":62,"values":[0.9998,-0.001,-0.0185,0,0.0151,0.6263,0.7795,0,0.0108,-0.7796,0.6262,0,-0.06,-0.0065,0.0106,1]},
{"frame":63,"values":[0.9997,-0.0027,-0.0255,0,0.0219,0.6081,0.7935,0,0.0134,-0.7938,0.608,0,-0.06,-0.0065,0.0106,1]},
{"frame":64,"values":[0.9995,-0.0047,-0.0328,0,0.0292,0.5907,0.8063,0,0.0156,-0.8069,0.5905,0,-0.06,-0.0065,0.0106,1]},
{"frame":65,"values":[0.9994,-0.0053,-0.0353,0,0.0318,0.5855,0.81,0,0.0164,-0.8106,0.5853,0,-0.06,-0.0065,0.0106,1]}],"loopBehavior":1,"name":"anim","property":"_matrix"}},
{"name":"leg.rear.mid.r","index":8,"matrix":[-1,0.0075,0.0059,0,0.0089,0.5285,0.8489,0,0.0033,0.8489,-0.5286,0,0,0.146,0,1],"rest":[-1,0,0,0,0,0.5735,0.8192,0,0,0.8192,-0.5735,0,0,0.146,0,1],"parentBoneIndex":7,"length":0.1682
,"animation":{"dataType":3,"framePerSecond":24,"keys":[
{"frame":0,"values":[-1,0.0075,0.0059,0,0.0089,0.5285,0.8489,0,0.0033,0.8489,-0.5286,0,0,0.146,0,1]},
{"frame":1,"values":[-1,0.0075,0.0059,0,0.0089,0.5285,0.8489,0,0.0033,0.8489,-0.5286,0,0,0.146,0,1]},
{"frame":10,"values":[-1,0,0,0,0,0.5735,0.8192,0,0,0.8192,-0.5735,0,0,0.146,0,1]},
{"frame":11,"values":[-1,0.0012,0.0009,0,0.0014,0.4786,0.878,0,0.0007,0.878,-0.4786,0,0,0.146,0,1]},
{"frame":12,"values":[-1,0.0064,0.0043,0,0.006,0.3073,0.9516,0,0.0048,0.9516,-0.3073,0,0,0.146,0,1]},
{"frame":13,"values":[-0.9999,0.0133,0.0086,0,0.0115,0.2314,0.9728,0,0.0109,0.9728,-0.2315,0,0,0.146,0,1]},
{"frame":14,"values":[-0.9998,0.0162,0.0104,0,0.0138,0.2241,0.9745,0,0.0135,0.9744,-0.2243,0,0,0.146,0,1]},
{"frame":20,"values":[-1,0,0,0,0,0.5735,0.8192,0,0,0.8192,-0.5735,0,0,0.146,0,1]},
{"frame":21,"values":[-1,0,0,0,0,0.5735,0.8192,0,0,0.8192,-0.5735,0,0,0.146,0,1]},
{"frame":30,"values":[-0.9999,0.0068,0.0102,0,0.0104,0.9149,0.4036,0,-0.0066,0.4036,-0.9149,0,0,0.146,0,1]},
{"frame":31,"values":[-0.9999,0.0081,0.0106,0,0.012,0.8915,0.4529,0,-0.0058,0.4529,-0.8916,0,0,0.146,0,1]},
{"frame":32,"values":[-0.9999,0.0116,0.0118,0,0.0162,0.8214,0.5701,0,-0.0031,0.5702,-0.8215,0,0,0.146,0,1]},
{"frame":33,"values":[-0.9998,0.0154,0.0135,0,0.0205,0.7256,0.6878,0,0.0007,0.6879,-0.7258,0,0,0.146,0,1]},
{"frame":34,"values":[-0.9997,0.0179,0.015,0,0.023,0.6378,0.7699,0,0.0042,0.77,-0.638,0,0,0.146,0,1]},
{"frame":35,"values":[-0.9997,0.0202,0.0164,0,0.0249,0.5572,0.83,0,0.0076,0.8301,-0.5575,0,0,0.146,0,1]},
{"frame":36,"values":[-0.9996,0.0227,0.018,0,0.0266,0.4726,0.8809,0,0.0115,0.881,-0.473,0,0,0.146,0,1]},
{"frame":37,"values":[-0.9995,0.0249,0.0193,0,0.0276,0.4026,0.915,0,0.015,0.915,-0.4031,0,0,0.146,0,1]},
{"frame":38,"values":[-0.9995,0.0258,0.0199,0,0.0278,0.3586,0.9331,0,0.0169,0.9331,-0.3591,0,0,0.146,0,1]},
{"frame":39,"values":[-0.9995,0.0255,0.0195,0,0.0271,0.3417,0.9394,0,0.0173,0.9395,-0.3422,0,0,0.146,0,1]},
{"frame":40,"values":[-0.9996,0.0233,0.0182,0,0.0251,0.3465,0.9377,0,0.0155,0.9377,-0.347,0,0,0.146,0,1]},
{"frame":41,"values":[-0.9996,0.021,0.0167,0,0.0232,0.3613,0.9322,0,0.0136,0.9322,-0.3616,0,0,0.146,0,1]},
{"frame":42,"values":[-0.9997,0.0195,0.0158,0,0.022,0.3738,0.9273,0,0.0122,0.9273,-0.3741,0,0,0.146,0,1]},
{"frame":43,"values":[-0.9997,0.0192,0.0157,0,0.0218,0.3775,0.9258,0,0.0118,0.9258,-0.3778,0,0,0.146,0,1]},
{"frame":44,"values":[-0.9997,0.0197,0.0163,0,0.0224,0.3689,0.9292,0,0.0123,0.9293,-0.3692,0,0,0.146,0,1]},
{"frame":45,"values":[-0.9997,0.0199,0.017,0,0.023,0.3586,0.9332,0,0.0125,0.9333,-0.3589,0,0,0.146,0,1]},
{"frame":46,"values":[-0.9997,0.0195,0.017,0,0.0229,0.3594,0.9329,0,0.0121,0.933,-0.3597,0,0,0.146,0,1]},
{"frame":47,"values":[-0.9997,0.0176,0.0157,0,0.021,0.3633,0.9315,0,0.0107,0.9315,-0.3635,0,0,0.146,0,1]},
{"frame":48,"values":[-0.9998,0.0141,0.0127,0,0.0169,0.3571,0.9339,0,0.0086,0.9339,-0.3573,0,0,0.146,0,1]},
{"frame":49,"values":[-0.9999,0.0102,0.0093,0,0.0122,0.3419,0.9397,0,0.0064,0.9397,-0.3419,0,0,0.146,0,1]},
{"frame":50,"values":[-0.9999,0.0075,0.0069,0,0.009,0.3195,0.9476,0,0.0049,0.9476,-0.3195,0,0,0.146,0,1]},
{"frame":51,"values":[-1,0.0065,0.006,0,0.0076,0.2938,0.9558,0,0.0045,0.9558,-0.2939,0,0,0.146,0,1]},
{"frame":52,"values":[-1,0.0055,0.0051,0,0.0063,0.2593,0.9658,0,0.004,0.9658,-0.2593,0,0,0.146,0,1]},
{"frame":53,"values":[-1,0.0023,0.0021,0,0.0026,0.207,0.9784,0,0.0019,0.9783,-0.2069,0,0,0.146,0,1]},
{"frame":54,"values":[-1,0,0,0,0,0.1455,0.9894,0,0,0.9894,-0.1455,0,0,0.146,0,1]},
{"frame":55,"values":[-1,0,0,0,0,0.1015,0.9949,0,0,0.9948,-0.1014,0,0,0.146,0,1]},
{"frame":56,"values":[-1,0,0,0,0,0.0808,0.9967,0,0,0.9967,-0.0807,0,0,0.146,0,1]},
{"frame":57,"values":[-1,0,0,0,0,0.096,0.9954,0,0,0.9954,-0.0959,0,0,0.146,0,1]},
{"frame":58,"values":[-1,0,0,0,0,0.1421,0.9899,0,0,0.9898,-0.1421,0,0,0.146,0,1]},
{"frame":59,"values":[-1,0.0014,0.001,0,0.0013,0.2275,0.9738,0,0.0012,0.9738,-0.2275,0,0,0.146,0,1]},
{"frame":60,"values":[-1,0.0048,0.0035,0,0.005,0.3657,0.9307,0,0.0032,0.9307,-0.3657,0,0,0.146,0,1]},
{"frame":61,"values":[-1,0.0075,0.0059,0,0.0089,0.5285,0.8489,0,0.0033,0.8489,-0.5286,0,0,0.146,0,1]},
{"frame":62,"values":[-0.9999,0.0085,0.0071,0,0.011,0.6794,0.7337,0,0.0014,0.7337,-0.6795,0,0,0.146,0,1]},
{"frame":63,"values":[-0.9999,0.0083,0.0079,0,0.0114,0.7988,0.6015,0,-0.0014,0.6015,-0.7989,0,0,0.146,0,1]},
{"frame":64,"values":[-0.9999,0.0076,0.0089,0,0.011,0.8653,0.5011,0,-0.0039,0.5011,-0.8654,0,0,0.146,0,1]},
{"frame":65,"values":[-0.9999,0.0075,0.0093,0,0.011,0.8801,0.4747,0,-0.0047,0.4747,-0.8802,0,0,0.146,0,1]}],"loopBehavior":1,"name":"anim","property":"_matrix"}},
{"name":"leg.rear.lower.r","index":9,"matrix":[1,0.0029,0.0036,0,-0.0046,0.5242,0.8516,0,0.0006,-0.8516,0.5242,0,0,0.1682,0,1],"rest":[1,0,0,0,0,0.6046,0.7965,0,0,-0.7965,0.6046,0,0,0.1682,0,1],"parentBoneIndex":8,"length":0.1237
,"animation":{"dataType":3,"framePerSecond":24,"keys":[
{"frame":0,"values":[1,0.0029,0.0036,0,-0.0046,0.5242,0.8516,0,0.0006,-0.8516,0.5242,0,0,0.1682,0,1]},
{"frame":1,"values":[1,0.0029,0.0036,0,-0.0046,0.5242,0.8516,0,0.0006,-0.8516,0.5242,0,0,0.1682,0,1]},
{"frame":10,"values":[1,0,0,0,0,0.6046,0.7966,0,0,-0.7965,0.6046,0,0,0.1682,0,1]},
{"frame":11,"values":[1,0.0004,0.0006,0,-0.0007,0.4843,0.8749,0,0,-0.8749,0.4843,0,0,0.1682,0,1]},
{"frame":12,"values":[1,0.002,0.0041,0,-0.0043,0.1833,0.9831,0,0.0012,-0.9831,0.1833,0,0,0.1682,0,1]},
{"frame":13,"values":[1,0.0029,0.0094,0,-0.0092,-0.0672,0.9977,0,0.0035,-0.9977,-0.0672,0,0,0.1682,0,1]},
{"frame":14,"values":[0.9999,0.003,0.0117,0,-0.0112,-0.1443,0.9895,0,0.0046,-0.9895,-0.1443,0,0,0.1682,0,1]},
{"frame":20,"values":[1,0,0,0,0,0.6046,0.7966,0,0,-0.7965,0.6046,0,0,0.1682,0,1]},
{"frame":21,"values":[1,0,0,0,0,0.6046,0.7966,0,0,-0.7965,0.6046,0,0,0.1682,0,1]},
{"frame":30,"values":[1,0,0.0015,0,-0.0006,0.9229,0.3851,0,-0.0014,-0.385,0.9229,0,0,0.1682,0,1]},
{"frame":31,"values":[1,0.0007,0.0018,0,-0.0014,0.9001,0.4357,0,-0.0013,-0.4357,0.9001,0,0,0.1682,0,1]},
{"frame":32,"values":[1,0.0027,0.0031,0,-0.004,0.8318,0.555,0,-0.001,-0.555,0.8318,0,0,0.1682,0,1]},
{"frame":33,"values":[1,0.0053,0.0051,0,-0.0073,0.7461,0.6658,0,-0.0003,-0.6658,0.7461,0,0,0.1682,0,1]},
{"frame":34,"values":[1,0.007,0.007,0,-0.0099,0.6793,0.7338,0,0.0004,-0.7338,0.6793,0,0,0.1682,0,1]},
