{"producer":{"name":"Blender","version":"2.79 (sub 0)","exporter_version":"5.6.4","file":"fox.babylon"},
"autoClear":true,"clearColor":[0.0509,0.0509,0.0509],"ambientColor":[0,0,0],"gravity":[0,-9.81,0],
"materials":[{"name":"fox.red","id":"fox.red","ambient":[0.8,0.1653,0.0078],"diffuse":[0.64,0.1323,0.0063],"specular":[0.2,0.2,0.2],"emissive":[0,0,0],"specularPower":50,"alpha":1,"backFaceCulling":true,"checkReadyOnlyOnce":false,"maxSimultaneousLights":4},
{"name":"fox.white","id":"fox.white","ambient":[0.8,0.8,0.8],"diffuse":[0.64,0.64,0.64],"specular":[0.5,0.5,0.5],"emissive":[0,0,0],"specularPower":50,"alpha":1,"backFaceCulling":true,"checkReadyOnlyOnce":false,"maxSimultaneousLights":4},
{"name":"fox.black","id":"fox.black","ambient":[0.0036,0.0036,0.0036],"diffuse":[0.0029,0.0029,0.0029],"specular":[0.5,0.5,0.5],"emissive":[0,0,0],"specularPower":50,"alpha":1,"backFaceCulling":true,"checkReadyOnlyOnce":false,"maxSimultaneousLights":4}],
"multiMaterials":[{"name":"fox.Multimaterial#0","id":"fox.Multimaterial#0","materials":["fox.red","fox.white","fox.black"]}],
"skeletons":[{"name":"Armature","id":0,"dimensionsAtRest":[0.1218,0.4365,1.44],"bones":[
{"name":"leg.rear.foot.r","index":0,"matrix":[-1,0,0,0,0,-0.0487,-0.9988,0,0,0.9989,-0.0487,0,-0.06,0.0194,0.2248,1],"rest":[-1,0,0,0,0,-0.0487,-0.9988,0,0,0.9989,-0.0487,0,-0.06,0.0194,0.2248,1],"parentBoneIndex":-1,"length":0.0524
,"animation":{"dataType":3,"framePerSecond":60,"keys":[
{"frame":1,"values":[-1,0,0,0,0,-0.0487,-0.9988,0,0,0.9989,-0.0487,0,-0.06,0.0194,0.2248,1]},
{"frame":61,"values":[-1,0,0,0,0,-0.0487,-0.9988,0,0,0.9989,-0.0487,0,-0.06,0.0194,0.2248,1]}],"loopBehavior":1,"name":"anim","property":"_matrix"}},
{"name":"spine.tail.pointer","index":1,"matrix":[1,0,0,0,0,0,1,0,0,1,0,0,0,0.0933,0.5146,1],"rest":[1,0,0,0,0,0,1,0,0,1,0,0,0,0.0933,0.5146,1],"parentBoneIndex":-1,"length":0.1
,"animation":{"dataType":3,"framePerSecond":60,"keys":[
{"frame":1,"values":[1,0,0,0,0,0,1,0,0,1,0,0,0,0.0933,0.5146,1]},
{"frame":61,"values":[1,0,0,0,0,0,1,0,0,1,0,0,0,0.0933,0.5146,1]}],"loopBehavior":1,"name":"anim","property":"_matrix"}},
{"name":"spine.lower","index":2,"matrix":[1,0,0,0,0,0.0995,-0.995,0,0,-0.995,-0.0995,0,0,0.4233,0.2246,1],"rest":[1,0,0,0,0,0.0995,-0.995,0,0,-0.995,-0.0995,0,0,0.4233,0.2246,1],"parentBoneIndex":-1,"length":0.201
,"animation":{"dataType":3,"framePerSecond":60,"keys":[
{"frame":1,"values":[1,0,0,0,0,0.0995,-0.995,0,0,-0.995,-0.0995,0,0,0.4233,0.2246,1]},
{"frame":61,"values":[1,0,0,0,0,0.0995,-0.995,0,0,-0.995,-0.0995,0,0,0.4233,0.2246,1]}],"loopBehavior":1,"name":"anim","property":"_matrix"}},
{"name":"spine.point","index":3,"matrix":[1,0,0,0,0,0.995,0.0995,0,0,-0.0995,0.995,0,0,0.8417,0.054,1],"rest":[1,0,0,0,0,0.995,0.0995,0,0,-0.0995,0.9951,0,0,0.8488,0.0547,1],"parentBoneIndex":2,"length":0.2
,"animation":{"dataType":3,"framePerSecond":60,"keys":[
{"frame":1,"values":[1,0,0,0,0,0.995,0.0995,0,0,-0.0995,0.995,0,0,0.8488,0.0547,1]},
{"frame":2,"values":[1,0,0,0,0,0.995,0.0995,0,0,-0.0995,0.995,0,0.0008,0.8472,0.0546,1]},
{"frame":3,"values":[1,0,0,0,0,0.995,0.0995,0,0,-0.0995,0.995,0,0.0032,0.8427,0.0541,1]},
{"frame":4,"values":[1,0,0,0,0,0.995,0.0995,0,0,-0.0995,0.995,0,0.0069,0.8357,0.0534,1]},
{"frame":5,"values":[1,0,0,0,0,0.995,0.0995,0,0,-0.0995,0.995,0,0.0119,0.8263,0.0525,1]},
{"frame":6,"values":[1,0,0,0,0,0.995,0.0995,0,0,-0.0995,0.995,0,0.0179,0.8148,0.0513,1]},
{"frame":7,"values":[1,0,0,0,0,0.995,0.0995,0,0,-0.0995,0.995,0,0.025,0.8013,0.05,1]},
{"frame":8,"values":[1,0,0,0,0,0.995,0.0995,0,0,-0.0995,0.995,0,0.033,0.7861,0.0485,1]},
{"frame":9,"values":[1,0,0,0,0,0.995,0.0995,0,0,-0.0995,0.995,0,0.0419,0.7693,0.0468,1]},
{"frame":10,"values":[1,0,0,0,0,0.995,0.0995,0,0,-0.0995,0.995,0,0.0515,0.751,0.045,1]},
{"frame":11,"values":[1,0,0,0,0,0.995,0.0995,0,0,-0.0995,0.995,0,0.0619,0.7313,0.043,1]},
{"frame":12,"values":[1,0,0,0,0,0.995,0.0995,0,0,-0.0995,0.995,0,0.073,0.7104,0.0409,1]},
{"frame":13,"values":[1,0,0,0,0,0.995,0.0995,0,0,-0.0995,0.995,0,0.0847,0.6882,0.0387,1]},
{"frame":14,"values":[1,0,0,0,0,0.995,0.0995,0,0,-0.0995,0.995,0,0.0969,0.6649,0.0363,1]},
{"frame":15,"values":[1,0,0,0,0,0.995,0.0995,0,0,-0.0995,0.995,0,0.1098,0.6406,0.0339,1]},
{"frame":16,"values":[1,0,0,0,0,0.995,0.0995,0,0,-0.0995,0.995,0,0.1231,0.6153,0.0314,1]},
{"frame":17,"values":[1,0,0,0,0,0.995,0.0995,0,0,-0.0995,0.995,0,0.1369,0.5892,0.0288,1]},
{"frame":18,"values":[1,0,0,0,0,0.995,0.0995,0,0,-0.0995,0.995,0,0.1511,0.5622,0.0261,1]},
{"frame":19,"values":[1,0,0,0,0,0.995,0.0995,0,0,-0.0995,0.995,0,0.1658,0.5344,0.0233,1]},
{"frame":20,"values":[1,0,0,0,0,0.995,0.0995,0,0,-0.0995,0.995,0,0.1808,0.5059,0.0204,1]},
{"frame":21,"values":[1,0,0,0,0,0.995,0.0995,0,0,-0.0995,0.995,0,0.1961,0.4768,0.0175,1]},
{"frame":22,"values":[1,0,0,0,0,0.995,0.0995,0,0,-0.0995,0.995,0,0.2118,0.4471,0.0146,1]},
{"frame":23,"values":[1,0,0,0,0,0.995,0.0995,0,0,-0.0995,0.995,0,0.2277,0.4169,0.0115,1]},
{"frame":24,"values":[1,0,0,0,0,0.995,0.0995,0,0,-0.0995,0.995,0,0.2438,0.3864,0.0085,1]},
{"frame":25,"values":[1,0,0,0,0,0.995,0.0995,0,0,-0.0995,0.995,0,0.26,0.3557,0.0054,1]},
{"frame":26,"values":[1,0,0,0,0,0.995,0.0995,0,0,-0.0995,0.995,0,0.2762,0.3249,0.0023,1]},
{"frame":27,"values":[1,0,0,0,0,0.995,0.0995,0,0,-0.0995,0.995,0,0.2923,0.2943,-0.0007,1]},
{"frame":28,"values":[1,0,0,0,0,0.995,0.0995,0,0,-0.0995,0.995,0,0.308,0.2647,-0.0037,1]},
{"frame":29,"values":[1,0,0,0,0,0.995,0.0995,0,0,-0.0995,0.995,0,0.3224,0.2373,-0.0064,1]},
{"frame":30,"values":[1,0,0,0,0,0.995,0.0995,0,0,-0.0995,0.995,0,0.332,0.2192,-0.0082,1]},
{"frame":31,"values":[1,0,0,0,0,0.995,0.0995,0,0,-0.0995,0.995,0,0,0.8417,0.054,1]},
{"frame":32,"values":[1,0,0,0,0,0.995,0.0995,0,0,-0.0995,0.995,0,0,0.8373,0.0466,1]},
{"frame":33,"values":[1,0,0,0,0,0.995,0.0995,0,0,-0.0995,0.995,0,0,0.831,0.036,1]},
{"frame":34,"values":[1,0,0,0,0,0.995,0.0995,0,0,-0.0995,0.995,0,0,0.8241,0.0245,1]},
{"frame":35,"values":[1,0,0,0,0,0.995,0.0995,0,0,-0.0995,0.995,0,0,0.817,0.0126,1]},
{"frame":36,"values":[1,0,0,0,0,0.995,0.0995,0,0,-0.0995,0.995,0,0,0.8097,0.0004,1]},
{"frame":37,"values":[1,0,0,0,0,0.995,0.0995,0,0,-0.0995,0.995,0,0,0.8024,-0.012,1]},
{"frame":38,"values":[1,0,0,0,0,0.995,0.0995,0,0,-0.0995,0.995,0,0,0.7949,-0.0245,1]},
{"frame":39,"values":[1,0,0,0,0,0.995,0.0995,0,0,-0.0995,0.995,0,0,0.7873,-0.0371,1]},
{"frame":40,"values":[1,0,0,0,0,0.995,0.0995,0,0,-0.0995,0.995,0,0,0.7798,-0.0499,1]},
{"frame":41,"values":[1,0,0,0,0,0.995,0.0995,0,0,-0.0995,0.995,0,0,0.7721,-0.0627,1]},
{"frame":42,"values":[1,0,0,0,0,0.995,0.0995,0,0,-0.0995,0.995,0,0,0.7645,-0.0755,1]},
{"frame":43,"values":[1,0,0,0,0,0.995,0.0995,0,0,-0.0995,0.995,0,0,0.7568,-0.0884,1]},
{"frame":44,"values":[1,0,0,0,0,0.995,0.0995,0,0,-0.0995,0.995,0,0,0.7491,-0.1013,1]},
{"frame":45,"values":[1,0,0,0,0,0.995,0.0995,0,0,-0.0995,0.995,0,0,0.7414,-0.1142,1]},
{"frame":46,"values":[1,0,0,0,0,0.995,0.0995,0,0,-0.0995,0.995,0,0,0.7337,-0.1271,1]},
{"frame":47,"values":[1,0,0,0,0,0.995,0.0995,0,0,-0.0995,0.995,0,0,0.726,-0.14,1]},
{"frame":48,"values":[1,0,0,0,0,0.995,0.0995,0,0,-0.0995,0.995,0,0,0.7183,-0.1529,1]},
{"frame":49,"values":[1,0,0,0,0,0.995,0.0995,0,0,-0.0995,0.995,0,0,0.7106,-0.1658,1]},
{"frame":50,"values":[1,0,0,0,0,0.995,0.0995,0,0,-0.0995,0.995,0,0,0.703,-0.1786,1]},
{"frame":51,"values":[1,0,0,0,0,0.995,0.0995,0,0,-0.0995,0.995,0,0,0.6954,-0.1914,1]},
{"frame":52,"values":[1,0,0,0,0,0.995,0.0995,0,0,-0.0995,0.995,0,0,0.6878,-0.2041,1]},
{"frame":53,"values":[1,0,0,0,0,0.995,0.0995,0,0,-0.0995,0.995,0,0,0.6802,-0.2167,1]},
{"frame":54,"values":[1,0,0,0,0,0.995,0.0995,0,0,-0.0995,0.995,0,0,0.6727,-0.2293,1]},
{"frame":55,"values":[1,0,0,0,0,0.995,0.0995,0,0,-0.0995,0.995,0,0,0.6654,-0.2417,1]},
{"frame":56,"values":[1,0,0,0,0,0.995,0.0995,0,0,-0.0995,0.995,0,0,0.6581,-0.2539,1]},
{"frame":57,"values":[1,0,0,0,0,0.995,0.0995,0,0,-0.0995,0.995,0,0,0.651,-0.2658,1]},
{"frame":58,"values":[1,0,0,0,0,0.995,0.0995,0,0,-0.0995,0.995,0,0,0.6441,-0.2772,1]},
{"frame":59,"values":[1,0,0,0,0,0.995,0.0995,0,0,-0.0995,0.995,0,0,0.6378,-0.2878,1]},
{"frame":60,"values":[1,0,0,0,0,0.995,0.0995,0,0,-0.0995,0.995,0,0,0.6334,-0.2953,1]},
{"frame":61,"values":[1,0,0,0,0,0.995,0.0995,0,0,-0.0995,0.995,0,0,0.7568,0.051,1]}],"loopBehavior":1,"name":"anim","property":"_matrix"}},
{"name":"spine.upper","index":4,"matrix":[1,0,0,0,0,0.9952,0.098,0,0,-0.098,0.9952,0,0,0.201,0,1],"rest":[1,0,0,0,0,0.995,0.0995,0,0,-0.0995,0.9951,0,0,0.201,0,1],"parentBoneIndex":2,"length":0.25
,"animation":{"dataType":3,"framePerSecond":60,"keys":[
{"frame":1,"values":[1,0,0,0,0,0.9952,0.098,0,0,-0.098,0.9952,0,0,0.201,0,1]},
{"frame":2,"values":[1,-0.0001,0,0,0.0001,0.9952,0.098,0,0,-0.098,0.9952,0,0,0.201,0,1]},
{"frame":3,"values":[1,-0.0005,0,0,0.0005,0.9952,0.098,0,0,-0.098,0.9952,0,0,0.201,0,1]},
{"frame":4,"values":[1,-0.0011,-0.0001,0,0.0011,0.9952,0.0979,0,0,-0.0979,0.9952,0,0,0.201,0,1]},
{"frame":5,"values":[1,-0.0019,-0.0002,0,0.0019,0.9952,0.0979,0,0,-0.0979,0.9952,0,0,0.201,0,1]},
{"frame":6,"values":[1,-0.0029,-0.0003,0,0.0029,0.9952,0.0979,0,0,-0.0979,0.9952,0,0,0.201,0,1]},
{"frame":7,"values":[1,-0.0041,-0.0004,0,0.0041,0.9952,0.0979,0,0,-0.0979,0.9952,0,0,0.201,0,1]},
{"frame":8,"values":[1,-0.0056,-0.0006,0,0.0056,0.9952,0.0978,0,0,-0.0978,0.9952,0,0,0.201,0,1]},
{"frame":9,"values":[1,-0.0073,-0.0007,0,0.0073,0.9952,0.0978,0,0,-0.0978,0.9952,0,0,0.201,0,1]},
{"frame":10,"values":[1,-0.0093,-0.0009,0,0.0093,0.9952,0.0977,0,0,-0.0977,0.9952,0,0,0.201,0,1]},
{"frame":11,"values":[0.9999,-0.0115,-0.0011,0,0.0116,0.9952,0.0976,0,0,-0.0976,0.9952,0,0,0.201,0,1]},
{"frame":12,"values":[0.9999,-0.0141,-0.0014,0,0.0142,0.9951,0.0976,0,0,-0.0976,0.9952,0,0,0.201,0,1]},
{"frame":13,"values":[0.9999,-0.0171,-0.0017,0,0.0172,0.9951,0.0975,0,0,-0.0975,0.9952,0,0,0.201,0,1]},
{"frame":14,"values":[0.9998,-0.0204,-0.002,0,0.0205,0.995,0.0974,0,0,-0.0974,0.9952,0,0,0.201,0,1]},
{"frame":15,"values":[0.9997,-0.0243,-0.0024,0,0.0244,0.995,0.0973,0,0,-0.0973,0.9953,0,0,0.201,0,1]},
{"frame":16,"values":[0.9996,-0.0287,-0.0028,0,0.0288,0.9949,0.0971,0,0,-0.0972,0.9953,0,0,0.201,0,1]},
{"frame":17,"values":[0.9994,-0.0337,-0.0033,0,0.0338,0.9947,0.097,0,0,-0.097,0.9953,0,0,0.201,0,1]},
{"frame":18,"values":[0.9992,-0.0393,-0.0039,0,0.0395,0.9945,0.0968,0,0.0001,-0.0969,0.9953,0,0,0.201,0,1]},
{"frame":19,"values":[0.9989,-0.0458,-0.0045,0,0.046,0.9943,0.0966,0,0.0001,-0.0967,0.9953,0,0,0.201,0,1]},
{"frame":20,"values":[0.9986,-0.0532,-0.0052,0,0.0534,0.9939,0.0964,0,0.0001,-0.0966,0.9953,0,0,0.201,0,1]},
{"frame":21,"values":[0.9981,-0.0614,-0.006,0,0.0617,0.9934,0.0962,0,0.0001,-0.0964,0.9953,0,0,0.201,0,1]},
{"frame":22,"values":[0.9975,-0.0706,-0.0069,0,0.0709,0.9929,0.0959,0,0.0001,-0.0962,0.9954,0,0,0.201,0,1]},
{"frame":23,"values":[0.9967,-0.0807,-0.0079,0,0.0811,0.9921,0.0956,0,0.0001,-0.096,0.9954,0,0,0.201,0,1]},
{"frame":24,"values":[0.9958,-0.0915,-0.009,0,0.0919,0.9912,0.0953,0,0.0002,-0.0958,0.9954,0,0,0.201,0,1]},
{"frame":25,"values":[0.9947,-0.1028,-0.0101,0,0.1033,0.9901,0.095,0,0.0002,-0.0956,0.9954,0,0,0.201,0,1]},
{"frame":26,"values":[0.9934,-0.1142,-0.0112,0,0.1147,0.9889,0.0947,0,0.0002,-0.0954,0.9954,0,0,0.201,0,1]},
{"frame":27,"values":[0.992,-0.1253,-0.0123,0,0.1259,0.9875,0.0944,0,0.0003,-0.0952,0.9955,0,0,0.201,0,1]},
{"frame":28,"values":[0.9907,-0.1358,-0.0133,0,0.1364,0.9862,0.0942,0,0.0003,-0.0951,0.9955,0,0,0.201,0,1]},
{"frame":29,"values":[0.9894,-0.1448,-0.0142,0,0.1455,0.9849,0.094,0,0.0003,-0.095,0.9955,0,0,0.201,0,1]},
{"frame":30,"values":[0.9885,-0.1505,-0.0147,0,0.1512,0.984,0.0938,0,0.0003,-0.095,0.9955,0,0,0.201,0,1]},
{"frame":31,"values":[1,0,0,0,0,0.9952,0.098,0,0,-0.098,0.9952,0,0,0.201,0,1]},
{"frame":32,"values":[1,0,0,0,0,0.9953,0.0969,0,0,-0.0969,0.9953,0,0,0.201,0,1]},
{"frame":33,"values":[1,0,0,0,0,0.9955,0.0953,0,0,-0.0953,0.9955,0,0,0.201,0,1]},
{"frame":34,"values":[1,0,0,0,0,0.9956,0.0935,0,0,-0.0935,0.9956,0,0,0.201,0,1]},
{"frame":35,"values":[1,0,0,0,0,0.9958,0.0916,0,0,-0.0916,0.9958,0,0,0.201,0,1]},
{"frame":36,"values":[1,0,0,0,0,0.996,0.0897,0,0,-0.0897,0.996,0,0,0.201,0,1]},
{"frame":37,"values":[1,0,0,0,0,0.9962,0.0876,0,0,-0.0876,0.9962,0,0,0.201,0,1]},
{"frame":38,"values":[1,0,0,0,0,0.9963,0.0855,0,0,-0.0855,0.9963,0,0,0.201,0,1]},
{"frame":39,"values":[1,0,0,0,0,0.9965,0.0833,0,0,-0.0833,0.9965,0,0,0.201,0,1]},
{"frame":40,"values":[1,0,0,0,0,0.9967,0.081,0,0,-0.081,0.9967,0,0,0.201,0,1]},
{"frame":41,"values":[1,0,0,0,0,0.9969,0.0787,0,0,-0.0787,0.9969,0,0,0.201,0,1]},
{"frame":42,"values":[1,0,0,0,0,0.9971,0.0763,0,0,-0.0763,0.9971,0,0,0.201,0,1]},
{"frame":43,"values":[1,0,0,0,0,0.9973,0.0739,0,0,-0.0739,0.9973,0,0,0.201,0,1]},
{"frame":44,"values":[1,0,0,0,0,0.9974,0.0714,0,0,-0.0714,0.9974,0,0,0.201,0,1]},
{"frame":45,"values":[1,0,0,0,0,0.9976,0.0688,0,0,-0.0688,0.9976,0,0,0.201,0,1]},
{"frame":46,"values":[1,0,0,0,0,0.9978,0.0662,0,0,-0.0662,0.9978,0,0,0.201,0,1]},
{"frame":47,"values":[1,0,0,0,0,0.998,0.0636,0,0,-0.0636,0.998,0,0,0.201,0,1]},
{"frame":48,"values":[1,0,0,0,0,0.9981,0.0609,0,0,-0.0609,0.9981,0,0,0.201,0,1]},
{"frame":49,"values":[1,0,0,0,0,0.9983,0.0582,0,0,-0.0582,0.9983,0,0,0.201,0,1]},
{"frame":50,"values":[1,0,0,0,0,0.9985,0.0555,0,0,-0.0555,0.9985,0,0,0.201,0,1]},
{"frame":51,"values":[1,0,0,0,0,0.9986,0.0527,0,0,-0.0527,0.9986,0,0,0.201,0,1]},
{"frame":52,"values":[1,0,0,0,0,0.9987,0.05,0,0,-0.05,0.9987,0,0,0.201,0,1]},
{"frame":53,"values":[1,0,0,0,0,0.9989,0.0472,0,0,-0.0472,0.9989,0,0,0.201,0,1]},
{"frame":54,"values":[1,0,0,0,0,0.999,0.0444,0,0,-0.0445,0.999,0,0,0.201,0,1]},
{"frame":55,"values":[1,0,0,0,0,0.9991,0.0417,0,0,-0.0417,0.9991,0,0,0.201,0,1]},
{"frame":56,"values":[1,0,0,0,0,0.9992,0.039,0,0,-0.039,0.9992,0,0,0.201,0,1]},
{"frame":57,"values":[1,0,0,0,0,0.9993,0.0363,0,0,-0.0363,0.9993,0,0,0.201,0,1]},
{"frame":58,"values":[1,0,0,0,0,0.9994,0.0338,0,0,-0.0338,0.9994,0,0,0.201,0,1]},
{"frame":59,"values":[1,0,0,0,0,0.9995,0.0314,0,0,-0.0314,0.9995,0,0,0.201,0,1]},
{"frame":60,"values":[1,0,0,0,0,0.9996,0.0298,0,0,-0.0298,0.9996,0,0,0.201,0,1]},
{"frame":61,"values":[1,0,0,0,0,0.9951,0.0987,0,0,-0.0987,0.9951,0,0,0.201,0,1]}],"loopBehavior":1,"name":"anim","property":"_matrix"}},
{"name":"spine.neck","index":5,"matrix":[1,0,0,0,0,0.9999,-0.0115,0,0,0.0114,0.9999,0,0,0.25,0,1],"rest":[1,0,0,0,0,1,0,0,0,0,1,0,0,0.25,0,1],"parentBoneIndex":4,"length":0.08
,"animation":{"dataType":3,"framePerSecond":60,"keys":[
{"frame":1,"values":[1,0,0,0,0,0.9999,-0.0112,0,0,0.0112,0.9999,0,0,0.25,0,1]},
{"frame":2,"values":[1,-0.0009,0,0,0.0009,0.9999,-0.0113,0,0,0.0113,0.9999,0,0,0.25,0,1]},
{"frame":3,"values":[1,-0.0036,0,0,0.0036,0.9999,-0.0114,0,0,0.0114,0.9999,0,0,0.25,0,1]},
{"frame":4,"values":[1,-0.008,0,0,0.008,0.9998,-0.0116,0,0,0.0116,0.9998,0,0,0.25,0,1]},
{"frame":5,"values":[0.9999,-0.0141,0.0001,0,0.0141,0.9998,-0.0119,0,0.0001,0.0119,0.9999,0,0,0.25,0,1]},
{"frame":6,"values":[0.9998,-0.022,0.0001,0,0.022,0.9997,-0.0123,0,0.0001,0.0123,0.9999,0,0,0.25,0,1]},
{"frame":7,"values":[0.9995,-0.0319,0.0002,0,0.0319,0.9994,-0.0127,0,0.0002,0.0127,0.9999,0,0,0.25,0,1]},
{"frame":8,"values":[0.999,-0.0439,0.0003,0,0.0439,0.9989,-0.0133,0,0.0003,0.0133,0.9999,0,0,0.25,0,1]},
{"frame":9,"values":[0.9983,-0.0585,0.0004,0,0.0585,0.9982,-0.014,0,0.0004,0.014,0.9999,0,0,0.25,0,1]},
{"frame":10,"values":[0.9971,-0.0761,0.0006,0,0.0761,0.997,-0.0148,0,0.0006,0.0148,0.9999,0,0,0.25,0,1]},
{"frame":11,"values":[0.9953,-0.0972,0.0008,0,0.0972,0.9951,-0.0157,0,0.0008,0.0157,0.9999,0,0,0.25,0,1]},
{"frame":12,"values":[0.9925,-0.1226,0.001,0,0.1226,0.9923,-0.0168,0,0.001,0.0168,0.9999,0,0,0.25,0,1]},
{"frame":13,"values":[0.9882,-0.1531,0.0014,0,0.1531,0.988,-0.0181,0,0.0014,0.0181,0.9998,0,0,0.25,0,1]},
{"frame":14,"values":[0.9818,-0.19,0.0019,0,0.19,0.9816,-0.0196,0,0.0019,0.0196,0.9998,0,0,0.25,0,1]},
{"frame":15,"values":[0.9722,-0.2342,0.0025,0,0.2342,0.972,-0.0213,0,0.0025,0.0213,0.9998,0,0,0.25,0,1]},
{"frame":16,"values":[0.958,-0.2867,0.0034,0,0.2867,0.9577,-0.0233,0,0.0034,0.0233,0.9997,0,0,0.25,0,1]},
{"frame":17,"values":[0.9376,-0.3478,0.0046,0,0.3478,0.9372,-0.0254,0,0.0046,0.0254,0.9997,0,0,0.25,0,1]},
{"frame":18,"values":[0.9091,-0.4165,0.006,0,0.4165,0.9087,-0.0276,0,0.006,0.0276,0.9996,0,0,0.25,0,1]},
{"frame":19,"values":[0.8719,-0.4896,0.0077,0,0.4896,0.8715,-0.0295,0,0.0077,0.0295,0.9995,0,0,0.25,0,1]},
{"frame":20,"values":[0.8269,-0.5622,0.0096,0,0.5622,0.8264,-0.0311,0,0.0096,0.0311,0.9995,0,0,0.25,0,1]},
{"frame":21,"values":[0.7772,-0.6291,0.0114,0,0.6291,0.7767,-0.0321,0,0.0114,0.0321,0.9994,0,0,0.25,0,1]},
{"frame":22,"values":[0.727,-0.6865,0.0129,0,0.6865,0.7264,-0.0324,0,0.0129,0.0324,0.9994,0,0,0.25,0,1]},
{"frame":23,"values":[0.6799,-0.7331,0.0141,0,0.7331,0.6793,-0.0322,0,0.0141,0.0322,0.9994,0,0,0.25,0,1]},
{"frame":24,"values":[0.6382,-0.7697,0.0148,0,0.7697,0.6376,-0.0316,0,0.0148,0.0316,0.9994,0,0,0.25,0,1]},
{"frame":25,"values":[0.6026,-0.7979,0.0153,0,0.7979,0.602,-0.0307,0,0.0153,0.0307,0.9994,0,0,0.25,0,1]},
{"frame":26,"values":[0.573,-0.8194,0.0155,0,0.8194,0.5725,-0.0297,0,0.0155,0.0297,0.9994,0,0,0.25,0,1]},
{"frame":27,"values":[0.5488,-0.8358,0.0154,0,0.8358,0.5483,-0.0286,0,0.0154,0.0286,0.9995,0,0,0.25,0,1]},
{"frame":28,"values":[0.5295,-0.8482,0.0153,0,0.8482,0.529,-0.0275,0,0.0153,0.0275,0.9995,0,0,0.25,0,1]},
{"frame":29,"values":[0.5145,-0.8574,0.0151,0,0.8574,0.514,-0.0266,0,0.0151,0.0266,0.9995,0,0,0.25,0,1]},
{"frame":30,"values":[0.5058,-0.8625,0.0149,0,0.8625,0.5054,-0.026,0,0.0149,0.026,0.9996,0,0,0.25,0,1]},
{"frame":31,"values":[1,0,0,0,0,0.9999,-0.0115,0,0,0.0114,0.9999,0,0,0.25,0,1]},
{"frame":32,"values":[1,0,0,0,0,0.9998,-0.0197,0,0,0.0197,0.9998,0,0,0.25,0,1]},
{"frame":33,"values":[1,0,0,0,0,0.9995,-0.0317,0,0,0.0317,0.9995,0,0,0.25,0,1]},
{"frame":34,"values":[1,0,0,0,0,0.999,-0.0452,0,0,0.0452,0.999,0,0,0.25,0,1]},
{"frame":35,"values":[1,0,0,0,0,0.9982,-0.0598,0,0,0.0598,0.9982,0,0,0.25,0,1]},
{"frame":36,"values":[1,0,0,0,0,0.9972,-0.0753,0,0,0.0753,0.9972,0,0,0.25,0,1]},
{"frame":37,"values":[1,0,0,0,0,0.9958,-0.0916,0,0,0.0916,0.9958,0,0,0.25,0,1]},
{"frame":38,"values":[1,0,0,0,0,0.9941,-0.1087,0,0,0.1087,0.9941,0,0,0.25,0,1]},
{"frame":39,"values":[1,0,0,0,0,0.992,-0.1265,0,0,0.1265,0.992,0,0,0.25,0,1]},
{"frame":40,"values":[1,0,0,0,0,0.9895,-0.1449,0,0,0.1449,0.9895,0,0,0.25,0,1]},
{"frame":41,"values":[1,0,0,0,0,0.9865,-0.1638,0,0,0.1638,0.9865,0,0,0.25,0,1]},
{"frame":42,"values":[1,0,0,0,0,0.9831,-0.1833,0,0,0.1833,0.9831,0,0,0.25,0,1]},
{"frame":43,"values":[1,0,0,0,0,0.9791,-0.2032,0,0,0.2032,0.9791,0,0,0.25,0,1]},
{"frame":44,"values":[1,0,0,0,0,0.9747,-0.2235,0,0,0.2235,0.9747,0,0,0.25,0,1]},
{"frame":45,"values":[1,0,0,0,0,0.9698,-0.244,0,0,0.244,0.9698,0,0,0.25,0,1]},
{"frame":46,"values":[1,0,0,0,0,0.9644,-0.2646,0,0,0.2646,0.9644,0,0,0.25,0,1]},
{"frame":47,"values":[1,0,0,0,0,0.9585,-0.2853,0,0,0.2852,0.9585,0,0,0.25,0,1]},
{"frame":48,"values":[1,0,0,0,0,0.9521,-0.3058,0,0,0.3058,0.9521,0,0,0.25,0,1]},
{"frame":49,"values":[1,0,0,0,0,0.9453,-0.3262,0,0,0.3262,0.9453,0,0,0.25,0,1]},
{"frame":50,"values":[1,0,0,0,0,0.9382,-0.3462,0,0,0.3462,0.9382,0,0,0.25,0,1]},
{"frame":51,"values":[1,0,0,0,0,0.9307,-0.3658,0,0,0.3658,0.9307,0,0,0.25,0,1]},
{"frame":52,"values":[1,0,0,0,0,0.9229,-0.3849,0,0,0.3849,0.9229,0,0,0.25,0,1]},
{"frame":53,"values":[1,0,0,0,0,0.915,-0.4034,0,0,0.4034,0.915,0,0,0.25,0,1]},
{"frame":54,"values":[1,0,0,0,0,0.9069,-0.4212,0,0,0.4212,0.907,0,0,0.25,0,1]},
{"frame":55,"values":[1,0,0,0,0,0.8988,-0.4383,0,0,0.4383,0.8988,0,0,0.25,0,1]},
{"frame":56,"values":[1,0,0,0,0,0.8908,-0.4544,0,0,0.4544,0.8908,0,0,0.25,0,1]},
{"frame":57,"values":[1,0,0,0,0,0.8829,-0.4696,0,0,0.4696,0.8829,0,0,0.25,0,1]},
{"frame":58,"values":[1,0,0,0,0,0.8752,-0.4837,0,0,0.4837,0.8752,0,0,0.25,0,1]},
{"frame":59,"values":[1,0,0,0,0,0.8682,-0.4962,0,0,0.4962,0.8682,0,0,0.25,0,1]},
{"frame":60,"values":[1,0,0,0,0,0.8633,-0.5047,0,0,0.5047,0.8633,0,0,0.25,0,1]},
{"frame":61,"values":[1,0,0,0,0,1,-0.0066,0,0,0.0066,1,0,0,0.25,0,1]}],"loopBehavior":1,"name":"anim","property":"_matrix"}},
{"name":"spine.head","index":6,"matrix":[1,0,0,0,0,0.9999,-0.0144,0,0,0.0144,0.9999,0,0,0.08,0,1],"rest":[1,0,0,0,0,0.9965,-0.083,0,0,0.083,0.9966,0,0,0.08,0,1],"parentBoneIndex":5,"length":0.1204
,"animation":{"dataType":3,"framePerSecond":60,"keys":[
{"frame":1,"values":[1,0,0,0,0,0.9999,-0.0141,0,0,0.0141,0.9999,0,0,0.08,0,1]},
{"frame":2,"values":[1,-0.0012,0.0001,0,0.0012,0.9999,-0.0141,0,0,0.0141,0.9999,0,0,0.08,0,1]},
{"frame":3,"values":[1,-0.0046,0.0002,0,0.0046,0.9999,-0.0143,0,-0.0002,0.0143,0.9999,0,0,0.08,0,1]},
{"frame":4,"values":[0.9999,-0.0101,0.0005,0,0.0101,0.9998,-0.0147,0,-0.0003,0.0147,0.9999,0,0,0.08,0,1]},
{"frame":5,"values":[0.9998,-0.0179,0.0009,0,0.0179,0.9997,-0.0151,0,-0.0006,0.0151,0.9999,0,0,0.08,0,1]},
{"frame":6,"values":[0.9996,-0.0282,0.0014,0,0.0282,0.9995,-0.0157,0,-0.001,0.0158,0.9999,0,0,0.08,0,1]},
{"frame":7,"values":[0.9991,-0.0412,0.0021,0,0.0412,0.999,-0.0165,0,-0.0014,0.0165,0.9999,0,0,0.08,0,1]},
{"frame":8,"values":[0.9983,-0.0574,0.0029,0,0.0575,0.9982,-0.0174,0,-0.0019,0.0175,0.9998,0,0,0.08,0,1]},
{"frame":9,"values":[0.997,-0.0777,0.004,0,0.0777,0.9968,-0.0186,0,-0.0025,0.0188,0.9998,0,0,0.08,0,1]},
{"frame":10,"values":[0.9947,-0.1028,0.0053,0,0.1028,0.9945,-0.02,0,-0.0032,0.0204,0.9998,0,0,0.08,0,1]},
{"frame":11,"values":[0.991,-0.134,0.0071,0,0.1341,0.9907,-0.0217,0,-0.0041,0.0224,0.9997,0,0,0.08,0,1]},
{"frame":12,"values":[0.9849,-0.1731,0.0093,0,0.1733,0.9846,-0.0237,0,-0.0051,0.025,0.9997,0,0,0.08,0,1]},
{"frame":13,"values":[0.9749,-0.2223,0.0123,0,0.2225,0.9746,-0.0263,0,-0.0062,0.0284,0.9996,0,0,0.08,0,1]},
{"frame":14,"values":[0.9587,-0.284,0.0163,0,0.2844,0.9583,-0.0293,0,-0.0073,0.0328,0.9994,0,0,0.08,0,1]},
{"frame":15,"values":[0.9324,-0.3607,0.0217,0,0.3613,0.9319,-0.0329,0,-0.0083,0.0385,0.9992,0,0,0.08,0,1]},
{"frame":16,"values":[0.891,-0.4531,0.0288,0,0.4539,0.8903,-0.0369,0,-0.0089,0.0459,0.9989,0,0,0.08,0,1]},
{"frame":17,"values":[0.8292,-0.5577,0.0379,0,0.5589,0.8282,-0.0408,0,-0.0086,0.055,0.9984,0,0,0.08,0,1]},
{"frame":18,"values":[0.746,-0.6642,0.0485,0,0.6659,0.7447,-0.0441,0,-0.0068,0.0652,0.9979,0,0,0.08,0,1]},
{"frame":19,"values":[0.6494,-0.7581,0.0594,0,0.7605,0.6478,-0.0459,0,-0.0037,0.075,0.9972,0,0,0.08,0,1]},
{"frame":20,"values":[0.5549,-0.829,0.0691,0,0.8319,0.553,-0.046,0,0,0.083,0.9966,0,0,0.08,0,1]},
{"frame":21,"values":[0.4763,-0.876,0.0762,0,0.8793,0.4742,-0.0448,0,0.0032,0.0883,0.9961,0,0,0.08,0,1]},
{"frame":22,"values":[0.4185,-0.9046,0.0806,0,0.9082,0.4163,-0.0429,0,0.0052,0.0912,0.9958,0,0,0.08,0,1]},
{"frame":23,"values":[0.3793,-0.9216,0.083,0,0.9253,0.3771,-0.0406,0,0.0062,0.0922,0.9957,0,0,0.08,0,1]},
{"frame":24,"values":[0.354,-0.9315,0.0839,0,0.9352,0.352,-0.0384,0,0.0062,0.092,0.9957,0,0,0.08,0,1]},
{"frame":25,"values":[0.3384,-0.9373,0.0838,0,0.941,0.3365,-0.0362,0,0.0057,0.0911,0.9958,0,0,0.08,0,1]},
{"frame":26,"values":[0.3291,-0.9406,0.0833,0,0.9443,0.3274,-0.0342,0,0.0049,0.0899,0.9959,0,0,0.08,0,1]},
{"frame":27,"values":[0.324,-0.9424,0.0825,0,0.946,0.3224,-0.0324,0,0.0039,0.0885,0.9961,0,0,0.08,0,1]},
{"frame":28,"values":[0.3217,-0.9433,0.0815,0,0.9469,0.3202,-0.0307,0,0.0029,0.0871,0.9962,0,0,0.08,0,1]},
{"frame":29,"values":[0.3209,-0.9437,0.0806,0,0.9471,0.3196,-0.0294,0,0.002,0.0858,0.9963,0,0,0.08,0,1]},
{"frame":30,"values":[0.3209,-0.9437,0.08,0,0.9471,0.3197,-0.0285,0,0.0014,0.0849,0.9964,0,0,0.08,0,1]},
{"frame":31,"values":[1,0,0,0,0,0.9999,-0.0144,0,0,0.0144,0.9999,0,0,0.08,0,1]},
{"frame":32,"values":[1,0,0,0,0,0.9997,-0.0248,0,0,0.0248,0.9997,0,0,0.08,0,1]},
{"frame":33,"values":[1,0,0,0,0,0.9992,-0.0401,0,0,0.0401,0.9992,0,0,0.08,0,1]},
{"frame":34,"values":[1,0,0,0,0,0.9983,-0.0575,0,0,0.0575,0.9983,0,0,0.08,0,1]},
{"frame":35,"values":[1,0,0,0,0,0.9971,-0.0765,0,0,0.0765,0.9971,0,0,0.08,0,1]},
{"frame":36,"values":[1,0,0,0,0,0.9953,-0.0967,0,0,0.0967,0.9953,0,0,0.08,0,1]},
{"frame":37,"values":[1,0,0,0,0,0.993,-0.1182,0,0,0.1182,0.993,0,0,0.08,0,1]},
{"frame":38,"values":[1,0,0,0,0,0.99,-0.1408,0,0,0.1408,0.99,0,0,0.08,0,1]},
{"frame":39,"values":[1,0,0,0,0,0.9864,-0.1645,0,0,0.1645,0.9864,0,0,0.08,0,1]},
{"frame":40,"values":[1,0,0,0,0,0.9819,-0.1891,0,0,0.1891,0.9819,0,0,0.08,0,1]},
{"frame":41,"values":[1,0,0,0,0,0.9767,-0.2146,0,0,0.2146,0.9767,0,0,0.08,0,1]},
{"frame":42,"values":[1,0,0,0,0,0.9706,-0.2407,0,0,0.2407,0.9706,0,0,0.08,0,1]},
{"frame":43,"values":[1,0,0,0,0,0.9636,-0.2673,0,0,0.2673,0.9636,0,0,0.08,0,1]},
{"frame":44,"values":[1,0,0,0,0,0.9557,-0.2942,0,0,0.2942,0.9557,0,0,0.08,0,1]},
{"frame":45,"values":[1,0,0,0,0,0.947,-0.3213,0,0,0.3212,0.947,0,0,0.08,0,1]},
{"frame":46,"values":[1,0,0,0,0,0.9374,-0.3482,0,0,0.3482,0.9374,0,0,0.08,0,1]},
{"frame":47,"values":[1,0,0,0,0,0.9271,-0.3747,0,0,0.3747,0.9271,0,0,0.08,0,1]},
{"frame":48,"values":[1,0,0,0,0,0.9162,-0.4008,0,0,0.4008,0.9162,0,0,0.08,0,1]},
{"frame":49,"values":[1,0,0,0,0,0.9047,-0.4261,0,0,0.4261,0.9047,0,0,0.08,0,1]},
{"frame":50,"values":[1,0,0,0,0,0.8928,-0.4505,0,0,0.4505,0.8928,0,0,0.08,0,1]},
{"frame":51,"values":[1,0,0,0,0,0.8806,-0.4739,0,0,0.4738,0.8806,0,0,0.08,0,1]},
{"frame":52,"values":[1,0,0,0,0,0.8683,-0.496,0,0,0.496,0.8683,0,0,0.08,0,1]},
{"frame":53,"values":[1,0,0,0,0,0.856,-0.517,0,0,0.517,0.856,0,0,0.08,0,1]},
{"frame":54,"values":[1,0,0,0,0,0.8439,-0.5366,0,0,0.5366,0.8439,0,0,0.08,0,1]},
{"frame":55,"values":[1,0,0,0,0,0.832,-0.5548,0,0,0.5548,0.832,0,0,0.08,0,1]},
{"frame":56,"values":[1,0,0,0,0,0.8205,-0.5717,0,0,0.5717,0.8205,0,0,0.08,0,1]},
{"frame":57,"values":[1,0,0,0,0,0.8095,-0.5871,0,0,0.5871,0.8095,0,0,0.08,0,1]},
{"frame":58,"values":[1,0,0,0,0,0.7993,-0.601,0,0,0.601,0.7993,0,0,0.08,0,1]},
{"frame":59,"values":[1,0,0,0,0,0.7901,-0.613,0,0,0.613,0.7901,0,0,0.08,0,1]},
{"frame":60,"values":[1,0,0,0,0,0.7838,-0.621,0,0,0.621,0.7838,0,0,0.08,0,1]},
{"frame":61,"values":[1,0,0,0,0,1,-0.0089,0,0,0.0089,1,0,0,0.08,0,1]}],"loopBehavior":1,"name":"anim","property":"_matrix"}},
{"name":"leg.rear.upper.r","index":7,"matrix":[1,0,0,0,0,0.2811,0.9597,0,0,-0.9597,0.2811,0,-0.06,-0.0065,0.0106,1],"rest":[1,0,0,0,0,0.2811,0.9597,0,0,-0.9597,0.2811,0,-0.06,-0.0065,0.0106,1],"parentBoneIndex":2,"length":0.146
,"animation":{"dataType":3,"framePerSecond":60,"keys":[
{"frame":1,"values":[1,0,0,0,0,0.2811,0.9597,0,0,-0.9597,0.2811,0,-0.06,-0.0065,0.0106,1]},
{"frame":61,"values":[1,0,0,0,0,0.2811,0.9597,0,0,-0.9597,0.2811,0,-0.06,-0.0065,0.0106,1]}],"loopBehavior":1,"name":"anim","property":"_matrix"}},
{"name":"leg.rear.mid.r","index":8,"matrix":[-1,0,0,0,0,0.5735,0.8192,0,0,0.8192,-0.5735,0,0,0.146,0,1],"rest":[-1,0,0,0,0,0.5735,0.8192,0,0,0.8192,-0.5735,0,0,0.146,0,1],"parentBoneIndex":7,"length":0.1682
,"animation":{"dataType":3,"framePerSecond":60,"keys":[
{"frame":1,"values":[-1,0,0,0,0,0.5735,0.8192,0,0,0.8192,-0.5735,0,0,0.146,0,1]},
{"frame":61,"values":[-1,0,0,0,0,0.5735,0.8192,0,0,0.8192,-0.5735,0,0,0.146,0,1]}],"loopBehavior":1,"name":"anim","property":"_matrix"}},
{"name":"leg.rear.lower.r","index":9,"matrix":[1,0,0,0,0,0.6046,0.7966,0,0,-0.7965,0.6046,0,0,0.1682,0,1],"rest":[1,0,0,0,0,0.6046,0.7965,0,0,-0.7965,0.6046,0,0,0.1682,0,1],"parentBoneIndex":8,"length":0.1236
,"animation":{"dataType":3,"framePerSecond":60,"keys":[
{"frame":1,"values":[1,0,0,0,0,0.6046,0.7966,0,0,-0.7965,0.6046,0,0,0.1682,0,1]},
{"frame":61,"values":[1,0,0,0,0,0.6046,0.7966,0,0,-0.7965,0.6046,0,0,0.1682,0,1]}],"loopBehavior":1,"name":"anim","property":"_matrix"}},
{"name":"spine.tail1","index":10,"matrix":[-1,0,0,0,0,-0.6491,0.7607,0,0,0.7607,0.6491,0,0,-0.0498,-0.005,1],"rest":[-1,0,0,0,0,-0.5973,0.8021,0,0,0.802,0.5973,0,0,-0.0498,-0.005,1],"parentBoneIndex":2,"length":0.1749
,"animation":{"dataType":3,"framePerSecond":60,"keys":[
{"frame":1,"values":[-1,0,0,0,0,-0.6491,0.7607,0,0,0.7607,0.6491,0,0,-0.0498,-0.005,1]},
{"frame":61,"values":[-1,0,0,0,0,-0.6491,0.7607,0,0,0.7607,0.6491,0,0,-0.0498,-0.005,1]}],"loopBehavior":1,"name":"anim","property":"_matrix"}},
{"name":"spine.tail2","index":11,"matrix":[1,0,0,0,0,0.9993,-0.0387,0,0,0.0387,0.9993,0,0,0.1749,0,1],"rest":[1,0,0,0,0,0.9881,-0.1537,0,0,0.1537,0.9881,0,0,0.1749,0,1],"parentBoneIndex":10,"length":0.2343
,"animation":{"dataType":3,"framePerSecond":60,"keys":[
{"frame":1,"values":[1,0,0,0,0,0.9993,-0.0387,0,0,0.0387,0.9993,0,0,0.1749,0,1]},
{"frame":61,"values":[1,0,0,0,0,0.9993,-0.0387,0,0,0.0387,0.9993,0,0,0.1749,0,1]}],"loopBehavior":1,"name":"anim","property":"_matrix"}},
{"name":"leg.rear.foot.l","index":12,"matrix":[-1,0,0,0,0,-0.0487,-0.9988,0,0,0.9989,-0.0487,0,0.06,0.0194,0.2248,1],"rest":[-1,0,0,0,0,-0.0487,-0.9988,0,0,0.9989,-0.0487,0,0.06,0.0194,0.2248,1],"parentBoneIndex":-1,"length":0.0524
,"animation":{"dataType":3,"framePerSecond":60,"keys":[
{"frame":1,"values":[-1,0,0,0,0,-0.0487,-0.9988,0,0,0.9989,-0.0487,0,0.06,0.0194,0.2248,1]},
{"frame":61,"values":[-1,0,0,0,0,-0.0487,-0.9988,0,0,0.9989,-0.0487,0,0.06,0.0194,0.2248,1]}],"loopBehavior":1,"name":"anim","property":"_matrix"}},
{"name":"leg.rear.upper.l","index":13,"matrix":[1,0,0,0,0,0.2811,0.9597,0,0,-0.9597,0.2811,0,0.06,-0.0065,0.0106,1],"rest":[1,0,0,0,0,0.2811,0.9597,0,0,-0.9597,0.2811,0,0.06,-0.0065,0.0106,1],"parentBoneIndex":2,"length":0.146
,"animation":{"dataType":3,"framePerSecond":60,"keys":[
{"frame":1,"values":[1,0,0,0,0,0.2811,0.9597,0,0,-0.9597,0.2811,0,0.06,-0.0065,0.0106,1]},
{"frame":61,"values":[1,0,0,0,0,0.2811,0.9597,0,0,-0.9597,0.2811,0,0.06,-0.0065,0.0106,1]}],"loopBehavior":1,"name":"anim","property":"_matrix"}},
{"name":"leg.rear.mid.l","index":14,"matrix":[-1,0,0,0,0,0.5735,0.8192,0,0,0.8192,-0.5735,0,0,0.146,0,1],"rest":[-1,0,0,0,0,0.5735,0.8192,0,0,0.8192,-0.5735,0,0,0.146,0,1],"parentBoneIndex":13,"length":0.1682
,"animation":{"dataType":3,"framePerSecond":60,"keys":[
{"frame":1,"values":[-1,0,0,0,0,0.5735,0.8192,0,0,0.8192,-0.5735,0,0,0.146,0,1]},
{"frame":61,"values":[-1,0,0,0,0,0.5735,0.8192,0,0,0.8192,-0.5735,0,0,0.146,0,1]}],"loopBehavior":1,"name":"anim","property":"_matrix"}},
{"name":"leg.rear.lower.l","index":15,"matrix":[1,0,0,0,0,0.6046,0.7966,0,0,-0.7965,0.6046,0,0,0.1682,0,1],"rest":[1,0,0,0,0,0.6046,0.7965,0,0,-0.7965,0.6046,0,0,0.1682,0,1],"parentBoneIndex":14,"length":0.1236
,"animation":{"dataType":3,"framePerSecond":60,"keys":[
{"frame":1,"values":[1,0,0,0,0,0.6046,0.7966,0,0,-0.7965,0.6046,0,0,0.1682,0,1]},
{"frame":61,"values":[1,0,0,0,0,0.6046,0.7966,0,0,-0.7965,0.6046,0,0,0.1682,0,1]}],"loopBehavior":1,"name":"anim","property":"_matrix"}},
{"name":"leg.front.foot.pointing.l","index":16,"matrix":[1,0,0,0,0,0,1,0,0,1,0,0,0.0609,0.0195,-0.1549,1],"rest":[1,0,0,0,0,0,1,0,0,1,0,0,0.0609,0.0195,-0.1549,1],"parentBoneIndex":-1,"length":0.06
,"animation":{"dataType":3,"framePerSecond":60,"keys":[
{"frame":1,"values":[1,0,0,0,0,0,1,0,0,1,0,0,0.0609,0.0195,-0.1549,1]},
{"frame":61,"values":[1,0,0,0,0,0,1,0,0,1,0,0,0.0609,0.0195,-0.1549,1]}],"loopBehavior":1,"name":"anim","property":"_matrix"}},
{"name":"leg.front.foot.l","index":17,"matrix":[-1,0,0,0,0,-0.9988,-0.0487,0,0,-0.0487,0.9989,0,0,-0.0002,-0.0001,1],"rest":[-1,0,0,0,0,-0.9988,-0.0487,0,0,-0.0487,0.9989,0,0,-0.0002,-0.0001,1],"parentBoneIndex":16,"length":0.0524
,"animation":{"dataType":3,"framePerSecond":60,"keys":[
{"frame":1,"values":[-1,0,0,0,0,-0.9988,-0.0487,0,0,-0.0487,0.9989,0,0,-0.0002,-0.0001,1]},
{"frame":61,"values":[-1,0,0,0,0,-0.9988,-0.0487,0,0,-0.0487,0.9989,0,0,-0.0002,-0.0001,1]}],"loopBehavior":1,"name":"anim","property":"_matrix"}},
{"name":"leg.front.upper.l","index":18,"matrix":[1,0,0,0,0,-0.5921,0.8058,0,0,-0.8059,-0.5921,0,0.0609,0.2545,0.0412,1],"rest":[1,0,0,0,0,-0.5943,0.8043,0,0,-0.8043,-0.5943,0,0.0609,0.2545,0.0412,1],"parentBoneIndex":4,"length":0.1434
,"animation":{"dataType":3,"framePerSecond":60,"keys":[
{"frame":1,"values":[1,0,0,0,0,-0.5922,0.8058,0,0,-0.8058,-0.5921,0,0.0609,0.2545,0.0412,1]},
{"frame":3,"values":[1,0,0.0001,0,-0.0001,-0.5921,0.8058,0,0.0001,-0.8059,-0.5921,0,0.0609,0.2545,0.0412,1]},
{"frame":4,"values":[1,-0.0001,0.0003,0,-0.0003,-0.5921,0.8059,0,0.0001,-0.8059,-0.592,0,0.0609,0.2545,0.0412,1]},
{"frame":5,"values":[1,-0.0001,0.0006,0,-0.0005,-0.592,0.806,0,0.0002,-0.806,-0.5919,0,0.0609,0.2545,0.0412,1]},
{"frame":6,"values":[1,-0.0002,0.0009,0,-0.0008,-0.592,0.8059,0,0.0004,-0.806,-0.592,0,0.0609,0.2545,0.0412,1]},
{"frame":7,"values":[1,-0.0002,0.0012,0,-0.0011,-0.5919,0.806,0,0.0005,-0.806,-0.5919,0,0.0609,0.2545,0.0412,1]},
{"frame":8,"values":[1,-0.0003,0.0017,0,-0.0015,-0.5918,0.8061,0,0.0007,-0.8061,-0.5918,0,0.0609,0.2545,0.0412,1]},
{"frame":9,"values":[1,-0.0004,0.0022,0,-0.002,-0.5917,0.8061,0,0.001,-0.8062,-0.5917,0,0.0609,0.2545,0.0412,1]},
{"frame":10,"values":[1,-0.0005,0.0028,0,-0.0026,-0.5916,0.8062,0,0.0012,-0.8063,-0.5915,0,0.0609,0.2545,0.0412,1]},
{"frame":11,"values":[1,-0.0007,0.0035,0,-0.0032,-0.5914,0.8064,0,0.0015,-0.8064,-0.5914,0,0.0609,0.2545,0.0412,1]},
{"frame":12,"values":[1,-0.0008,0.0043,0,-0.0039,-0.5912,0.8065,0,0.0018,-0.8065,-0.5912,0,0.0609,0.2545,0.0412,1]},
{"frame":13,"values":[1,-0.001,0.0051,0,-0.0047,-0.591,0.8067,0,0.0022,-0.8067,-0.591,0,0.0609,0.2545,0.0412,1]},
{"frame":14,"values":[1,-0.0012,0.0062,0,-0.0057,-0.5907,0.8068,0,0.0027,-0.8069,-0.5907,0,0.0609,0.2545,0.0412,1]},
{"frame":15,"values":[1,-0.0014,0.0073,0,-0.0067,-0.5904,0.8071,0,0.0032,-0.8071,-0.5904,0,0.0609,0.2545,0.0412,1]},
{"frame":16,"values":[1,-0.0017,0.0086,0,-0.008,-0.5901,0.8073,0,0.0037,-0.8074,-0.59,0,0.0609,0.2545,0.0412,1]},
{"frame":17,"values":[0.9999,-0.002,0.0102,0,-0.0094,-0.5897,0.8076,0,0.0044,-0.8077,-0.5896,0,0.0609,0.2545,0.0412,1]},
{"frame":18,"values":[0.9999,-0.0023,0.0119,0,-0.011,-0.5892,0.8079,0,0.0051,-0.808,-0.5891,0,0.0609,0.2545,0.0412,1]},
{"frame":19,"values":[0.9999,-0.0027,0.0139,0,-0.0128,-0.5886,0.8083,0,0.006,-0.8085,-0.5885,0,0.0609,0.2545,0.0412,1]},
{"frame":20,"values":[0.9999,-0.0031,0.0161,0,-0.0149,-0.5879,0.8088,0,0.007,-0.809,-0.5878,0,0.0609,0.2545,0.0412,1]},
{"frame":21,"values":[0.9998,-0.0036,0.0186,0,-0.0172,-0.5871,0.8094,0,0.008,-0.8096,-0.587,0,0.0609,0.2545,0.0412,1]},
{"frame":22,"values":[0.9998,-0.0041,0.0215,0,-0.0198,-0.5861,0.81,0,0.0092,-0.8103,-0.586,0,0.0609,0.2545,0.0412,1]},
{"frame":23,"values":[0.9997,-0.0047,0.0246,0,-0.0227,-0.585,0.8107,0,0.0105,-0.8111,-0.5849,0,0.0609,0.2545,0.0412,1]},
{"frame":24,"values":[0.9996,-0.0054,0.0279,0,-0.0258,-0.5837,0.8115,0,0.0119,-0.812,-0.5836,0,0.0609,0.2545,0.0412,1]},
{"frame":25,"values":[0.9995,-0.0061,0.0315,0,-0.0291,-0.5823,0.8124,0,0.0134,-0.8129,-0.5822,0,0.0609,0.2545,0.0412,1]},
{"frame":26,"values":[0.9994,-0.0068,0.0351,0,-0.0325,-0.5809,0.8133,0,0.0149,-0.814,-0.5807,0,0.0609,0.2545,0.0412,1]},
{"frame":27,"values":[0.9992,-0.0075,0.0386,0,-0.0358,-0.5794,0.8143,0,0.0163,-0.8151,-0.5791,0,0.0609,0.2545,0.0412,1]},
{"frame":28,"values":[0.9991,-0.0081,0.0419,0,-0.0389,-0.5779,0.8152,0,0.0176,-0.8161,-0.5776,0,0.0609,0.2545,0.0412,1]},
{"frame":29,"values":[0.999,-0.0087,0.0448,0,-0.0416,-0.5766,0.816,0,0.0187,-0.817,-0.5763,0,0.0609,0.2545,0.0412,1]},
{"frame":30,"values":[0.9989,-0.0091,0.0466,0,-0.0433,-0.5757,0.8165,0,0.0195,-0.8176,-0.5754,0,0.0609,0.2545,0.0412,1]},
{"frame":31,"values":[1,0,0,0,0,-0.5921,0.8058,0,0,-0.8059,-0.5921,0,0.0609,0.2545,0.0412,1]},
{"frame":32,"values":[1,0,0,0,0,-0.5906,0.807,0,0,-0.807,-0.5905,0,0.0609,0.2545,0.0412,1]},
{"frame":33,"values":[1,0,0,0,0,-0.5885,0.8085,0,0,-0.8085,-0.5884,0,0.0609,0.2545,0.0412,1]},
{"frame":34,"values":[1,0,0,0,0,-0.586,0.8103,0,0,-0.8103,-0.586,0,0.0609,0.2545,0.0412,1]},
{"frame":35,"values":[1,0,0,0,0,-0.5833,0.8123,0,0,-0.8123,-0.5833,0,0.0609,0.2545,0.0412,1]},
{"frame":36,"values":[1,0,0,0,0,-0.5804,0.8143,0,0,-0.8144,-0.5804,0,0.0609,0.2545,0.0412,1]},
{"frame":37,"values":[1,0,0,0,0,-0.5773,0.8165,0,0,-0.8166,-0.5773,0,0.0609,0.2545,0.0412,1]},
{"frame":38,"values":[1,0,0,0,0,-0.574,0.8188,0,0,-0.8189,-0.574,0,0.0609,0.2545,0.0412,1]},
{"frame":39,"values":[1,0,0,0,0,-0.5706,0.8213,0,0,-0.8213,-0.5705,0,0.0609,0.2545,0.0412,1]},
{"frame":40,"values":[1,0,0,0,0,-0.5669,0.8238,0,0,-0.8238,-0.5668,0,0.0609,0.2545,0.0412,1]},
{"frame":41,"values":[1,0,0,0,0,-0.563,0.8265,0,0,-0.8265,-0.563,0,0.0609,0.2545,0.0412,1]},
{"frame":42,"values":[1,0,0,0,0,-0.5589,0.8292,0,0,-0.8293,-0.5589,0,0.0609,0.2545,0.0412,1]},
{"frame":43,"values":[1,0,0,0,0,-0.5545,0.8321,0,0,-0.8322,-0.5545,0,0.0609,0.2545,0.0412,1]},
{"frame":44,"values":[1,0,0,0,0,-0.55,0.8352,0,0,-0.8352,-0.5499,0,0.0609,0.2545,0.0412,1]},
{"frame":45,"values":[1,0,0,0,0,-0.5451,0.8384,0,0,-0.8384,-0.5451,0,0.0609,0.2545,0.0412,1]},
{"frame":46,"values":[1,0,0,0,0,-0.54,0.8417,0,0,-0.8417,-0.54,0,0.0609,0.2545,0.0412,1]},
{"frame":47,"values":[1,0,0,0,0,-0.5346,0.8451,0,0,-0.8452,-0.5345,0,0.0609,0.2545,0.0412,1]},
{"frame":48,"values":[1,0,0,0,0,-0.5288,0.8487,0,0,-0.8488,-0.5288,0,0.0609,0.2545,0.0412,1]},
{"frame":49,"values":[1,0,0,0,0,-0.5227,0.8525,0,0,-0.8525,-0.5227,0,0.0609,0.2545,0.0412,1]},
{"frame":50,"values":[1,0,0,0,0,-0.5163,0.8564,0,0,-0.8564,-0.5163,0,0.0609,0.2545,0.0412,1]},
{"frame":51,"values":[1,0,0,0,0,-0.5095,0.8605,0,0,-0.8605,-0.5095,0,0.0609,0.2545,0.0412,1]},
{"frame":52,"values":[1,0,0,0,0,-0.5023,0.8647,0,0,-0.8647,-0.5023,0,0.0609,0.2545,0.0412,1]},
{"frame":53,"values":[1,0,0,0,0,-0.4946,0.8691,0,0,-0.8691,-0.4946,0,0.0609,0.2545,0.0412,1]},
{"frame":54,"values":[1,0,0,0,0,-0.4865,0.8737,0,0,-0.8737,-0.4865,0,0.0609,0.2545,0.0412,1]},
{"frame":55,"values":[1,0,0,0,0,-0.4779,0.8784,0,0,-0.8784,-0.4779,0,0.0609,0.2545,0.0412,1]},
{"frame":56,"values":[1,0,0,0,0,-0.4688,0.8833,0,0,-0.8833,-0.4687,0,0.0609,0.2545,0.0412,1]},
{"frame":57,"values":[1,0,0,0,0,-0.4591,0.8884,0,0,-0.8884,-0.4591,0,0.0609,0.2545,0.0412,1]},
{"frame":58,"values":[1,0,0,0,0,-0.449,0.8935,0,0,-0.8935,-0.449,0,0.0609,0.2545,0.0412,1]},
{"frame":59,"values":[1,0,0,0,0,-0.4389,0.8985,0,0,-0.8986,-0.4389,0,0.0609,0.2545,0.0412,1]},
{"frame":60,"values":[1,0,0,0,0,-0.4312,0.9022,0,0,-0.9023,-0.4312,0,0.0609,0.2545,0.0412,1]},
{"frame":61,"values":[1,0,0,0,0,-0.5932,0.8051,0,0,-0.8051,-0.5931,0,0.0609,0.2545,0.0412,1]}],"loopBehavior":1,"name":"anim","property":"_matrix"}},
{"name":"leg.front.mid.l","index":19,"matrix":[-1,0,0,0,0,0.8122,-0.5834,0,0,-0.5833,-0.8122,0,0,0.1434,0,1],"rest":[-1,0,0,0,0,0.809,-0.5878,0,0,-0.5878,-0.809,0,0,0.1434,0,1],"parentBoneIndex":18,"length":0.1911
,"animation":{"dataType":3,"framePerSecond":60,"keys":[
{"frame":1,"values":[-1,0,0,0,0,0.8122,-0.5834,0,0,-0.5834,-0.8122,0,0,0.1434,0,1]},
{"frame":3,"values":[-1,-0.0001,0,0,-0.0001,0.8122,-0.5834,0,0,-0.5834,-0.8122,0,0,0.1434,0,1]},
{"frame":4,"values":[-1,-0.0002,0.0001,0,-0.0002,0.8122,-0.5834,0,0,-0.5834,-0.8121,0,0,0.1434,0,1]},
{"frame":5,"values":[-1,-0.0003,0.0002,0,-0.0004,0.8122,-0.5834,0,0,-0.5834,-0.8122,0,0,0.1434,0,1]},
{"frame":6,"values":[-1,-0.0005,0.0004,0,-0.0006,0.8121,-0.5836,0,0,-0.5836,-0.812,0,0,0.1434,0,1]},
{"frame":7,"values":[-1,-0.0007,0.0005,0,-0.0009,0.812,-0.5837,0,0,-0.5836,-0.812,0,0,0.1434,0,1]},
{"frame":8,"values":[-1,-0.0009,0.0007,0,-0.0012,0.812,-0.5837,0,0,-0.5837,-0.812,0,0,0.1434,0,1]},
{"frame":9,"values":[-1,-0.0012,0.0009,0,-0.0015,0.8119,-0.5838,0,-0.0001,-0.5838,-0.8119,0,0,0.1434,0,1]},
{"frame":10,"values":[-1,-0.0015,0.0012,0,-0.0019,0.8119,-0.5839,0,-0.0001,-0.5838,-0.8118,0,0,0.1434,0,1]},
{"frame":11,"values":[-1,-0.0019,0.0015,0,-0.0024,0.8118,-0.584,0,-0.0001,-0.5839,-0.8118,0,0,0.1434,0,1]},
{"frame":12,"values":[-1,-0.0023,0.0018,0,-0.003,0.8117,-0.584,0,-0.0001,-0.584,-0.8117,0,0,0.1434,0,1]},
{"frame":13,"values":[-1,-0.0028,0.0022,0,-0.0036,0.8117,-0.5841,0,-0.0002,-0.5841,-0.8116,0,0,0.1434,0,1]},
{"frame":14,"values":[-1,-0.0034,0.0027,0,-0.0043,0.8116,-0.5842,0,-0.0002,-0.5842,-0.8116,0,0,0.1434,0,1]},
{"frame":15,"values":[-1,-0.004,0.0032,0,-0.0051,0.8115,-0.5843,0,-0.0002,-0.5843,-0.8115,0,0,0.1434,0,1]},
